9781119145677
9781119077206
9781788624145
9780735699984
9781789343557
9781789341034
9781789614619
9781315360591
9781783989508
9781635266771
9780135183496
9781631571435
9781788474221
9781635266566
9780135159538
9781484235881
9781607286479
9781788395106
9781788623209
9781788997591
9781492044475
9781491980248
9780133259483
9781634624060
9781788390705
9781635260595
9780805841190
9781491952955
9781449374273
9781788390385
9781789342628
9781492035367
9781789537994
9781788628877
9781787287402
9781789139655
9781484222058
9781491978504
9781449359492
9781491912201
9781906124236
9780763785871
9781492033943
9781789537291
10000
9781492037293
9781789536065
9781492037316
9781788835824
9780738456874
9781789536249
9781484231470
9781492038771
9781492032526
9781788475266
9781492042303
9781492031840
9780134857817
9781491980446
9781509308088
9781788835237
9781788472173
9781492037095
53863
9781788831192
9781484234532
9781788624565
9781789536829
9781492042334
9781449363086
9781449314842
9781788994941
9783110449679
9781491981573
9781492042754
9781492042570
9781492025993
9781492042884
9780134997797
9780134844855
9781491935361
9781492042723
9781492042693
9781492042686
9781492042662
9781492042600
9781449316297
0596528329
9781449336806
9781449336080
9781449377502
9781449368999
9781449314835
9781449368388
9780596510497
9780735676336
9781449314798
9781449364670
9781449373801
9781484230961
9781491960103
9781635264685
9781592336906
9781634623919
9781634623933
9781635263565
9781492066538
9781492035442
9781492035480
9781492035466
9781593273842
9781788393768
9781788839686
9781788835725
9781788839440
9781788622820
9781789345339
9781492025979
9781939924353
9781788629898
9781788998109
9781635266115
9781948580502
9781789137088
9780128015407
9781491978597
9780738443089
9781788831109
9780738443065
9781789344288
9781788837996
9781788474368
9781629608082
9781558609167
9780120885824
9780123746238
9780123724991
9780123748560
9780123743190
9780123737175
9780120588305
9780124160446
9780123970336
9780123877932
9780124158115
9780123858894
9780124016965
9780123944252
9780123971678
9780124114630
9780124080560
9780123985378
9780124173194
9780128015391
9780124080676
9780128014608
9780128020449
9780128002070
9780128002186
9780124114616
9780128008355
9781449363871
9780124058880
9780120884070
9781788836289
9781612907857
9780240814896
9781635266061
9781788839112
9781789343403
9781788297233
9781635260502
9781119425069
9781484234501
9781788398060
9781788393720
9781492033158
9781119387619
9781119382201
9781119126768
9781788629928
9781119080022
9781119129752
9781484230541
9781119446187
9781783554027
9781634623667
9781119447757
9781449357160
9781788398756
9781789135688
9781788622752
9781789136913
9781787283572
9781634623469
9781635263534
9781492038733
9781629605449
9781788997904
9781788392303
9781634623575
9781484234952
9781492025955
9781491976432
9780738442945
9781558607545
9781492037330
9781599946405
9781492037354
9781449317829
9781788399906
9781788399906
9781789134780
9781788624336
9781788478403
9781788838771
9781788470803
9781789136272
9781789130638
9781492031369
9781634623483
9781492028406
9780135171233
9781787280786
9781789138245
9781787129344
9781292218120
9781787282032
9780128043578
9781788830348
9781617295546
9781789130904
9781629604855
9781629608839
9780415879675
9781788627306
9781785880360
200000006
200000006
200000006
9781614518556
200000006
9781482253481
9781788475761
9780415625968
9781789139792
9781788624688
9781789132670
200000006
9781788295628
9781789130799
9781788292061
0738437352
0738436887
9781492028536
9781788475488
53863
9780123746290
9781788291118
9781783554393
9781788392655
9781491964590
9781351645768
9781849680349
9781492028550
9781788292542
9780134070902
9781629608013
9781567263718
9781492028512
9781567264654
9781567263060
9781788995719
9781788991520
9781788994927
9781788623957
9781788293594
9781634623308
9781634623353
9780124166028
9781788996877
9781484232101
9781491960493
9781788991957
9781947843042
9781482205503
9781491988831
9781788476782
9781788398923
9781788292436
9781635260427
9781631576874
9781631574207
9781788997522
9781491985373
9781788295321
9781492030010
9781635262414
9781788397018
9781634623148
9781787124462
9781634623124
9781788476379
9781491975879
9781788398312
9781788290906
9781466592599
9781634622981
9781634623018
9781634623001
9781788621878
9781788290678
9781607643791
9781787286139
9780124058910
9780124045767
9780123814791
200000006
9781788623025
9781788390392
9781788290227
9781491991190
9781491999622
53863
9781484218051
9781484214794
9781484205990
9781491999608
9780128046524
9781788299169
9781118949559
9781118934821
9781783982349
9781634622905
9781509304486
9780134851921
53863
9781501506314
9781788394673
9781634622899
9781788833981
9781626560574
9781484220771
9781484213117
9781119438861
9781937352356
9781119286554
100000006
9781787286924
9781788477871
53863
9781629605401
9781466575349
9781787284395
9780134840437
9780134863320
9781786460448
9781785880070
9781788620758
9781628250794
9781788834391
9781484221617
9781787124028
9781119245513
9781788396899
9781787129054
9781634622875
100000006
9781788296557
9781491924570
9781787281202
9781788397872
9781484225776
9781787283817
9781787282759
9781484223871
9781484227466
9781484226711
9781484222560
9781492025696
9781634622844
9781491976326
9781787124479
9781634622837
9781634622820
9781786466594
9781788296632
9781484221785
9781788298995
9781629600901
9781634622806
9781599945729
9781599945408
0738437255
0738440426
9781629604978
9781491985311
9781635262223
9781119423478
9781635261400
9781484229187
9781484225677
9781484209868
9781484223345
9781484228814
9781484228296
9781439831779
9781788474092
9781785283451
9781492023975
9781788621199
9781634622714
9781788291491
9781491996409
9781787126527
9781351610667
9781782160601
9781849514729
9781849517546
9781849682107
9781849686068
9781780173535
9781788391429
9780134682921
9781317364030
9781315360706
9781788291033
9781788294904
9781786460110
9781788299879
9781787121393
9781491935187
9781783554492
9781783982028
9781784391607
9781785285332
9781786466587
9781617292286
9781786463739
9781785889868
9781788471220
9781785885136
9781787282773
9781786465825
9781787122581
9781491977460
9781634622585
9781787121089
9781634622691
9781788295758
9781787129627
9781785886188
9781634622684
9781491978931
10000
9781788390576
9781787288980
9781631579479
9781631579493
9781787124899
9781788392532
9781788395816
9781788391535
9780789744142
9780735680340
9781787285125
9781787283862
9780738442143
9781491989609
9781788394833
10000
10000
9780596807719
9781119362821
9781634622523
9781634622462
9780134770826
9780738442679
9781634622479
9781491993866
9781491991237
9781788296281
9780763749644
9781786469847
9780134546988
9781787287747
9781788396127
9781634622394
9781491938911
9781634622448
9781788392556
9781491981641
9781788470681
9781788293747
9781631579448
9781788393454
9781491989746
9781491972946
9780128026168
9781788479691
9781788470117
9781788476096
9781631573927
9781788291217
9781788398367
9781940235318
9781788294980
9781787281349
9781787125100
9781788293617
9781788393201
9780134544564
9781491976241
9781492002031
9781788292863
9781635261486
9781629600444
9781491982754
9781491990735
9781491990872
9781491990858
9781491990896
9781501501524
9781787128422
0321262506
9781787287471
9781786469786
9781119003557
9781509302833
9781604277692
9781119349990
9781785280511
9781119357544
9781786460011
9781788395465
9781491986820
9781788394918
53863
9781634622288
9781491982143
9781787288256
9781785281945
9781788290098
9781788290371
9781785883071
9781785882142
9781787123656
9781491985199
9781491986653
9781491982129
9781491982105
9781119129981
9781119247586
9780471399612
9781786467416
9781788299176
9781491985854
9781786462411
9781634622301
9781491988992
9781786467843
9781492018391
9781119356240
9781119337065
9781119327639
9781119092940
9781119041672
9781491976166
9781788294782
9781634622233
9781457191022
9781491916421
9780470474877
9781787283770
9781788298742
9781629608761
9781634622295
9780134653839
9781787283022
9780137025930
9781629609652
9781629609614
9781629609577
9781629609522
9781629609492
9781629609454
9781491986233
9780128104095
9781422163641
9781118792889
3917482226001
3838427111001
3642621706001
3642621689001
3642621704001
3880431402001
3642621691001
3838427109001
3917482224001
3924034272001
9781634621861
9781634622264
9781119346401
9781119346302
9781786462169
9781786462169
10017
9781491977859
9780134691527
9781491984314
9781788296946
9781787283954
9781466581449
9781788295116
9781599946573
9781634622165
9781787283299
9781782175247
9780983336365
9780983336327
9781634622134
9781634622158
9781629608068
9781629608228
9781629608167
9781786467935
9781783984589
9780123869791
9781786466440
9781787289598
53863
53863
9781119173649
9781634621823
9781491958551
9780738442129
9781119186793
9780738442341
9781634621663
9781787282063
9781783551811
9781634621809
9781785884856
9781634621984
9781634621830
9781785884535
9781631576218
9781785889776
9781785289699
9781785885433
9781785880100
9781491977804
9780738442297
9781118834626
9781491978665
9781119298588
9781119270317
9781118874448
9781119141075
9780123965189
9780124115439
9781491974407
9780134386898
9780134386027
9780133824001
9780134268798
9780738442013
9781491979518
9781491980736
9781491910382
9781629609775
9781629605364
9781634621977
9781634621960
9781491950777
9781629605470
9781785884870
9781466558229
9781466503984
9781466586741
9781466592377
9781466596092
9781787125704
9780128118412
9781491970294
9781634621915
9781634621922
9781634621908
9781509304233
9780814415528
9780128038543
9781785884252
9781491978351
9781491978337
9781634621779
9781787283855
9781787289192
9781786464781
9780134571881
9781491977545
9781491977569
9781634621625
9781509300068
9781787129122
9781634621519
9781785887499
9781785888748
1560524235
9781785887741
9781119267003
9781787127340
9781785889271
9781491973035
9780738442044
9781491975374
9781785889462
9781785882012
9781785885655
9780128039304
9780132619233
9781787122239
9781785281396
9781634621496
9781629604930
9781491967546
9780738441986
9781634621618
9781629604381
9781119144014
9781491969137
9781629605883
9781634621601
9781629605821
9781629605746
9781629605807
9781629605623
9781629605784
9781629605760
9781629605647
9781629605708
9781629605685
9781629605661
9780128025475
9781786462947
9781629602370
9781119232575
9781119240761
9781634621595
100000006
9780738441931
002163
9781785280252
53863
53863
9781631575617
002133
53863
9780071812948
9781119061397
9781259585647
9781848218802
9780470743973
9781119138402
9781118445594
9781119291428
9781119271154
9781119293439
9781119257233
9781119183198
9781634621281
9780471412540
9781590478868
9781580256001
9781590475683
002131
9781634621328
9780738441863
002162
002161
9781491965290
9781786468574
9780128042618
9781785884405
9781786466457
9781784390815
002132
9781492017486
9781786463869
9781491964309
9781629601946
0738493996
9781491963661
9781509302284
9780738441832
9781785881169
9781631575495
9781786463500
9781786464491
9781119076780
9781618660398
9780134661445
9781631573767
9781785884351
9781119011552
9781119003618
9781119015581
9781491965115
9781119077398
9781119067511
9781119077152
9781119050780
9781119096801
9781785284991
9781119076766
9780738441689
9781784394004
9781785283420
9781785282195
9780738441795
9781785880391
9781482240559
9781466586963
9780128094891
9781940540344
9780071842839
9780983336341
9781629603070
9781498787277
9781491957813
9781491963210
9781784391034
9781491959534
9780134212524
9781498786690
9781498786591
9781136514586
9781784392055
9781498786669
9780134393537
9781119027034
9781119067726
9781119181118
9781119210641
9781119152729
9781119231387
9781498786775
9781491959558
9781498786607
9781782173250
9781491961957
9781629602103
9781634621199
9781292067537
9781491957745
9781785882951
9780134177953
9781785882890
9781784390846
9781785280580
53863
9781785888403
9781785880773
9781491960226
9781119067863
9781119216315
9781629602417
9781629602059
9781491924259
0789725525
013029389
078971020
9781590475751
9781580253574
0789731002
0738429368
0735711089
073561895
0321255828
9781292017464
9781607644750
9781847190970
9781599940892
9781598638844
9781555442798
9781580257107
9780071494243
9781902505718
9781599946603
9781598638882
9781580253529
0672325519
9780738441603
9780470171240
0130897124
9781590475348
9781590474174
0975212826
9781590479209
9780471777090
9781629602226
9781771375795
9780134057668
77761
9781784391409
9781491957882
9781785281976
9781482233391
9781607649250
9781629593050
0738436372
9780128026489
9781784399689
9781940540382
9781782174349
9781783555215
9781935504108
9781935504238
9780471788324
9781784397289
9781784393908
9780134500003
9781629597478
20251
20252
9781491954867
9781484213261
9780123971869
9781484212035
9781482234817
9781484209646
9781785286544
9781484212189
9781484210192
9780738441184
9781785288142
9781785887161
9781491951088
9780134291185
9781491953624
9781631572234
9780133991246
9781430249450
2235490716001
9781634621021
9781631572739
9781771375481
2235569248001
9780814416433
9780134288819
9781631573866
3133326714001
2821109187001
2821109179001
9781491939437
2619104453001
2235376129001
2235490718001
2235584163001
9781629600826
9781785887093
9781629600949
9781783982547
3133326708001
3133326704001
9781940540337
9781782175148
9781599940472
9781785888083
9781119074731
9780134195155
9780133887402
9780134035314
4330773346001
4330773349001
9781785285127
4536981736001
9781604277654
9781784394936
9781119133124
9781848217553
9781484202654
9781629594347
9781629594507
9781629594743
9781629594828
9781629594620
9781629594781
9781629594545
9781607649908
9781629594323
9781629599564
9781629594682
9780134390611
9781634620987
9781119062462
9781771374095
9780134393490
9780134427218
9781491936573
9781785289545
9781119004387
9781119042167
9781782173175
9781783984527
9781783987603
9781484203736
9781118937693
9781782169352
9781782175735
9781785280900
9780738440958
9781491922606
9780134217192
9781484205297
9781491934777
9780735697478
9781118876138
9780134269078
9781629598055
9781629600079
9780738440927
9781135895594
9781118870396
9781118942901
32562
9781118873571
9781784393960
9781118730058
9781119055839
9781118940013
9781118942963
32562
9781422143322
9781422157121
9781599946597
9781606495759
9781484205686
9781606492130
9781785281044
9780134073019
9781118779484
9781783553310
9780133963731
9781422187265
9781422156308
9780738440835
9781118902592
9781118898086
9781118892749
9781422168172
9780134197135
9781491916902
9781783982806
0837440663
9781449367480
9781449367480
9781784395803
9781785283529
9781118724651
9781119053064
9780738440774
9781617291388
0131467573
9781491917695
9781491931073
9781491931011
9781491931028
9781491931059
9781491931080
9781491931035
9781612900278
9780133887662
9781783989065
9781617290343
9781785284014
9781771374224
9781118991411
9780128019672
9781119043362
9781118841525
9780738440590
9781491919170
53863
9780738440545
9781118868706
9780133366358
9780738440514
9781782176138
53863
53863
53863
53863
53863
53863
10033
10031
10039
10028
10020
9781118940693
9781940540252
9781491912751
9781785288814
9781783988846
9781783982042
9781118881354
9781118920701
9781118920657
9781118910986
9781118910894
9780738440521
9781491910580
9781783552078
9781783288519
9781491917046
9781612903156
9781612907833
9781784398385
9781783558575
9781118838020
9780133257182
9781612901169
9781629593548
9781612909240
9781782176404
9781118763377
9781118763186
9781484200438
9781590475041
9781118762615
9781590470237
9781118593363
9781118709306
9780071840200
9781783555253
9781782173359
9781118937624
9781118893166
9781783982103
9781491920886
9781118973899
9781783989263
9781771373227
9781783554836
9781491925454
9780133498653
9781118950807
9781118941102
9781118942895
9781631570599
9781118889497
9781118903841
9781118834800
9781118861820
9781118779668
9780133929621
9781634620147
9781631571206
9781782176480
9781849688949
9781783984367
9781784390860
9781484201305
9780133887655
9780133551150
9781782173830
9781491915028
9780133481549
9781607642275
9781612908229
9781612901046
9781612906911
9781612907123
9781580259248
9781612907253
9781612909042
9781612906041
9781612903224
9780133382693
9781484208625
9781783987740
9781783553013
9781782173298
9781118810088
9780134076621
9781118729410
9781430261643
9781484207345
9781484200407
9780133760682
9780134052700
9781118794388
9781491914106
9781491914816
9780133838190
10035
10019
9781849697842
9781849697842
9781457182655
9781599942308
9781783986682
9781783988785
9781783988365
9781783000982
00320090053
9781449306175
0738439967
9780133819854
9781940540245
10027
9780983336303
9781771372572
10011
10022
10023
10025
10018
10029
10021
10026
9780814449219
0738439576
9781612908861
9780133886214
9781783980246
9781783554553
9780768690729
01420110011
10032
10024
10030
9781491915165
9781430267485
9781118230688
9781424622764
9781424622788
9781118938928
10010
10016
9781305115088
9781118883969
9781118763483
10009
9781118422106
9781935504283
9780132611251
0738439363
10015
10013
10014
10012
10008
9780133989588
10006
10005
10007
11003
9781491909935
10004
10003
9781612908236
9781612904528
9780470149775
9781491901984
9781491902196
9781491902172
9781491902233
9781491902011
9781491902486
9781612909912
073843972
9781430266921
9781484201848
9781449359089
9780133259490
9780133260717
9780133353969
9781783289356
9781484201398
10002
0738439215
0738439428
9780132491792
9780131873667
9781599942988
9780789744159
9781118210321
9780124558403
9780789746573
9780470512586
9781604276343
9780471253839
9780080470771
9781783283132
9781612907871
9781612906935
9781491908310
9781612909134
9781607648185
9781612901657
9781607649915
9789332510449
9781607646648
9781940540276
9780470890813
9781607648109
9781118417089
9781607646785
9781118478318
9781612900957
9780133259322
9780133259469
9780133498820
9780768682823
0789736012
9781430218982
9780470224595
9780470044001
9780470171110
0789734281
078973642
9780470424247
9780470181706
9780789736642
9780764556609
9780470290774
9781599944883
9780470089712
9780071590983
9780470497920
0789729539
9780470132296
9780470454060
9780470045909
9781590599204
9780470591611
9780321461520
0789730057
0768668360
9780470144756
9780470124741
9780470132319
9780470045916
0789736683
9780470175019
0672320908
076866828
9781590596722
9780321492388
9780470168783
9780071498517
9780471784890
0789734354
9780470931226
9780470737644
9780470578315
9780470591598
9780470890615
9780470591604
9781599942995
9781430229551
9780750677967
9780132182287
9780470562314
9780470630310
9780132467483
9781430231592
9781607646631
9781607643401
9781607644859
9781607645283
9781607644774
9780470222805
9780470510247
9780470074718
9780123918864
9781843346722
9780133835922
9781118842423
9781430266402
9780133760729
9781935504696
9781118821565
9781771372350
9781618660503
9781119990208
0738435651
9781606492451
9781607647690
9781607644767
9788131733271
9780470467046
9781118030387
9781612900308
9781118018262
0738435287
9781607648802
9781430233800
9780071772464
9788131733134
9781118093382
9781118087633
9781449306168
9780133552256
9781118391389
0738437638
9781118439258
073843812
9780470922255
9781607646679
0738437808
9781935504337
9781607648017
9781118506998
9781612903071
9781607649946
0738437646
9781612902210
9780470971284
0738437522
9781607649892
9781606494035
9781606492802
9781606492574
9781612903125
9781599946474
9781118208786
9781606493489
9781606492376
0738438723
073843874
0738438456
0738438847
0738438928
9781935504535
9781935504566
9781118760154
9780133086331
9781612902166
9781612902203
9781612902180
9781612904276
9781612902197
9781491946701
9781618660978
9781771372183
9781783284337
0738439193
9780133823882
9780133823387
9780133823516
9780133823776
9780133822328
0738439037
9780133553673
9781612909349
9781612909356
9781612909363
9780133552140
9781940540221
9781612908540
9780133761696
9781606499740
9781617291562
9781607640448
9781607642282
9781599947259
9781590475003
9780470126745
9781598633948
9780764567575
9781590473337
9781599947266
9781599946566
9780470918425
9780470176382
9781118215234
9781607646204
9780470526828
9781607646624
9780768685800
9781118132876
9781430245544
9781607640455
9780977140022
9781118029855
9781590478820
9780071765695
9781606494349
9781607649953
9780470531280
0789731290
9780470045954
9781612903330
9780470660928
9780470542811
9780071498524
9781590479223
9781940540207
9781940540115
9780133039498
9780133091281
9781604277074
9781565924932
0596100736
9780596514525
0596101546
9780137085309
0738434817
0596007280
0596529600
0596007671
0596527594
0596009739
9780596805302
9780596514969
059600625
1565927141
0596006640
0596009887
0131413031
9781449305901
9781449305987
9781449305826
9781449305741
9781449305833
9781449306007
9781449305888
9781449306311
9781449306106
9781449306298
9780132100588
9781449305918
9781449306182
9781449305819
9781449306274
9781449305932
9781449306335
9781449305772
9781449305871
9781449305802
9781449306243
9781449305734
9780132656986
9781449314873
9780132118989
9781847193193
9781847195746
9780321580283
0201784203
9780132442695
9780132657280
9781849691185
0130906735
9781847199546
0130809020
9781847198808
9781849684903
9781849688468
9781847196842
9781849512084
9781849688444
9781849685825
0321442598
9781849518482
9781849681926
9781849680707
9781849685467
9781782177043
9781782165040
9781782179832
9781783284474
9781849699211
9781782162148
9781782179757
9781783280933
9781782171669
9781782169338
9781783282159
9781783280674
9781782171782
9781782177128
9781782170044
9781783281091
9781782168638
9780137136889
9781783559688
9781617290985
9781118416747
9781118490402
9781118502921
9781606496183
9780321549662
9780132347969
9781118046470
9781118094761
9781606491850
9780735647381
9780735624078
9780735623040
0735619859
0735615187
9780735623217
0735619018
9780735625440
9780735651166
9780735622913
073561511
9780735626607
9780735623965
9780735665125
9780470099513
9780470228142
9780471499220
9780470275603
9780470044032
9780470577691
9780789736826
0596008791
9780789744265
9780789746924
9780735665064
9780470481745
0596003595
9781590599570
9781457102776
9780735647459
9780470567012
9780735647367
9780470489604
0789731533
9780470922101
9781590598900
9780768695120
9780470475379
9780735665071
00320110003
9780470044018
9781926873077
9781926873367
9781118094778
9780789746719
9780735624023
9781782167839
9780735647824
00320090085
9780132168199
9780981317021
9781926873541
9780596528348
9781771371612
9780735681057
9781849698689
9780132681872
9781118661468
9780071807593
9781771371483
9781771372060
9780133578867
9781771371872
9781449365448
9780133259551
9780071824385
9781612906874
9781612907062
9781612906805
9781612906812
9781612906799
9781612906843
9781612906836
9780071808507
9781612907765
9781118502662
9781849696906
9781118235430
9780735672673
9781118460856
9781118490303
9781118490389
9781118497579
9781118517260
9781118550007
9781118550212
9780133372823
9780133064629
9780124104105
9780444538598
9781612907758
9781612907734
9781118737781
9781118715987
9781491947227
9781491946732
9780133490589
9780133407372
9780133407341
9781940540139
9781940540122
9781940540191
9781940540177
9781940540153
9781940540160
9781940540184
9781940540146
9781849683562
9780133353136
9780124115118
9781118501696
9781612906256
9781849689649
9781849689649
9780735674264
9781612906225
9781782165644
9781849697545
9780133416206
9781849689564
9781118464328
9781612906232
9781118559444
9781782165583
9781849685764
9780735672048
9781430257615
9781118642320
9780814432471
9780133158342
9780133380972
9781782163503
9780735680548
9781118469088
9781612906768
9781612906782
9781612907086
9781612906249
9781617291074
9780071809184
9781430262923
9781940540214
9781449368265
9780133448931
00005
00040
00016
00003
9781771371582
9781771370080
9781771370530
9780133142617
00021
00022
9780133476729
9780133573299
00320110002
9781449305758
9780133807226
00011
10000
00020
9781449305765
9780132378093
9781771370646
9780735673236
9781849689281
00010
9780133573282
9780133573268
9781118740002
9780133812411
9781491947036
9780750686600
9780132837958
9781449396824
9780133412963
9780133359084
9780470890691
9781449303631
9781449303686
9781430235453
9780321669575
9781430235217
9780596809287
9781435457966
9781449394608
9781849515245
9780470475355
9781849513067
9781782162247
9781935504344
9781118490457
9781849688208
9781118330685
9780133416091
9781119963134
9781118490433
9781430258063
9780132967266
9781118448960
9781118610848
9781118530801
9780132724784
9781612903439
9781782179733
9780985916404
9781430248729
9780133492309
9780071775939
9781782167303
9781118477120
9781118644171
9781449335403
9780133259414
9781935504207
9781118239377
9781118510636
9781849519441
9781118780329
9781449326890
9781607649243
9781449317850
9781612900124
9780471251958
9780764599446
9781590596296
9780470046432
9781599941653
0596007663
9780123743695
9780470127230
9781449305574
9780470650936
9780071746854
9780132120807
9780470635179
9780735656864
9780470484326
9780470462072
9780735650947
9780321579126
9781935504047
9781599946498
9780470563106
9781449382360
9780470407479
9781782165460
9781849696388
9780470620120
9781449306199
9781449396190
9781449306113
9781118239155
9781118416853
9781118239582
9781457102523
9781449309510
9781449309510
9780133150827
9781118239049
9780470529393
9781118140260
9781849693288
9781449333348
9780470130650
9780596801656
9781449389802
9781449358204
9780596514556
9781935182399
9781118140260
9781849693288
9781449333348
9780470130650
9780596801656
9781449389802
9781449358204
9780596514556
9781935182399