9781317434870
9781948976503
53863
9781615641512
9781449329792
1904811515
9781440696664
9780750645324
9781260134742
9781449318710
9781449329129
9781449329778
9781633222052
9781119436331
9781260116403
9780123742520
53863
9780071744133
9781567263855
53863
9781606497654
9781484228043
9781491919057
3765767956001
9781465458056
9781465438386
9780081012796
9781292148427
9780081005620
9781400848959
9781400840793
9781292083971
9781606499818
9781497622203
32562
9781785881565
0596101783
9781449397401
9781449318710
0596007515
9781449343859
9781449329129
9781449329778
9781633222052
9780691138961
9780123749215
9781843346395
9781843345497
9781843346852
9780124115491
9780444537683
9780240817798
9781119434702
9780071841849
9781119436331
9781119424925
9781119256908
9781119411895
9781119427711
9781118963807
9780730345466
9781260116403
9780123742520
9783110398625
9781631577710
53863
53863
9781782423058
9780071744133
9781567263855
9781631577888
9781631571053
9780763773878
53863
9781937350543
9781606497654
9781606497050
9781606495834
01120090002
9780730345404
9781119411963
9781484228043
9789352861217
9781317626916
9781523084586
9781491919057
9781632650955
9781631576157
9789077256411
9780128032152
9780128111338
9781430257912
9781430242215
9781119328209
9781118982051
3677611108001
3765767956001
9781465438409
9781119315520
9781465458056
9781440636271
9781101097731
9781631573224
9781400840472
9781400838837
9781465438386
9780128034231
9781848219793
9781119127239
9781119356295
9781118871126
9781631575907
9780081012796
9781843347071
9780814437346
9781292148427
9780131370401
9780137065936
9780081005620
9781631575631
9781631575556
9781400848959
9781119239178
9781119264163
9781118922286
9781119184423
0814478808
0789732246
9781118989609
9781292074450
9781400840793
9781606500040
9781259642180
9781259643255
9781292065809
9781119183549
9781292083971
9781631574443
9781606499818
9781497622203
9780756637071
9780756641962
9780470049297
0789735636
9780814473481
9781491956410
9780061750182
9780062125712
9780071837620
32562
32562
32562
9781785881565
9783943075045
2226822299001
9780061940415
9781785286551
9781606495858
9780857191366
9781908003416
9780857193599
9780857193896
9780857191212
9780857193629
9781606499719
9781935251873
9783945749036
32562
32562
32562
32562
32562
9780470531112
9780857193223
9780857192035
9781422184028
9781422163665
9781422160800
9781422183199
9781422170878
9781422163276
9781422172346
9781118893838
9781422186725
9781422191675
0131467484
9780768683806
9781136026256
9781771374583
9780470866887
9781631572296
9780071839334
9780470457993
19761
9781119951834
9781118944868
9781118823729
9780814436455
9781444395396
53863
53863
53863
53863
53863
9781118967249
9780730309246
9781784394059
9789332503601
9789814312394
100000006
9781118864517
9781118860397
9781118836446
9780061750564
9781118766385
9781118765357
9781118716281
9781118620809
9781118611586
9781118456514
9780071835558
9781118417188
9781119020998
9781118837290
9781118950166
9781118940754
9781783554515
9781118732984
9780814434833
9781292083247
9780470641811
9781118336496
9781118250303
9781629560137
9781484208441
9781606495308
9781782166443
9781631570179
9781631570193
9788131760949
9788131758939
9788131719299
9788131704035
9788131700921
9781118969700
9781631570155
9789814561907
9781400845354
9781292081328
9781118867952
9781118775721
9781606498286
9781783280612
9781936757336
9788131775622
9781605090153
0672318989
9780874256093
9781400834181
9780814410271
9780470488409
9780071435390
9781605096353
9789264107090
9781627230292
9781118283486
9781906821838
9781118352021
9789814346894
9789814398893
9780137155217
9780768690545
9780768683813
9780768682441
0789735628
9781605092836
9780768683585
0789730588
9780789736994
9780470497418
0321356802
076866862
0789736462
9781605098081
9780470168424
9780764583926
0768668581
9781599961781
9781118944868
9781118823729
9780814436455
9781444395396
53863
53863
53863
53863
53863
53863
53863
9781118967249
9781118940693
9780730309246
9781784394059
9789332503601
9789814312394
9789332510470
100000006
9781118864517
9781118860397
9781118836446
9780061750564
9781908926609
9781118766385
9781118765357
9781118716281
9781118620809
9781118611586
9781118456514
9780071840200
9780071835558
9781118417188
9781119020998
9781118837290
9781118950166
9781118940754
9781783554515
9781118732984
9780814434833
9781292083247
9781118454022
9780470641811
9781118336496
9781118250303
9781629560137
9781484208441
9781606495308
9789332503588
9781782166443
9781631570179
9781631570193
9788131760949
9788131758939
9788131719299
9788131704035
9780071836258
9788131700921
9780071840910
9781118969700
9781631570155
9789814561907
9781400845354
9781292081328
9780122796708
9781118867952
9781118775721
9781606498286
9781118153338
9780730312796
9781783280612
9781936757336
9788131775622
9780133345810
9781605098456
9781605090153
0672318989
9780874256093
9781400834181
9780444509673
9781576755297
9780814410271
9780470488409
9781605098050
9780071435390
9781605096353
9789264107014
9789264107090
9781606504635
9781627230292
9781118152744
9781118283486
9781906821838
9781118352021
9789814346894
9781780171500
9789814398893
9780137058617
9781408134108
9780137155217
9780768690545
9780768683813
9780768682441
0789735628
9781605092836
9780768683585
0789730588
9780789736994
9780470497418
0321356802
076866862
0789736462
9781576755501
9780470015834
9781605098081
9780470168424
9780470449035
9780814480663
9780132432733
9780764583926
0768668581
9781599961781
9781598299052
9780768678505
01120100011
9780131388161
9781906821661
9780132476492
9780132563468
9780132476096
9780470602102
9781118107775
9780132466769
9780470644980
9780132476263
9780470526705
9781118083727
9780470596180
9780132596411
9781846682636
9780470874363
9781608455133
9781605093765
9781906821388
9780132694315
9780470638972
9780814416327
9780470976289
9780132143448
9781606501306
9789814312714
9780071745987
9780071737241
9781845699376
9781843347262
9781843346692
9781843346197
9781843346685
9781843346487
9781843346203
9780857094445
9781843346258
9781843345527
9781843345978
9780133812657
9781118895931
9780857081148
9780132824958
9781846684593
9780814416174
9780132661102
9780470640043
9780814416532
9781609940300
9781609944759
9780123877246
9781605099767
9781118106372
9780132869188
9781118128381
9780470826461
9780132617727
9781843346142
9781843342649
9781118134283
9780071782838
9781118153819
9780071787178
9780071793711
9780123978264
9781118204412
9781609941253
9780071795616
9781118087176
9781119971924
9781118239490
9780133084702
9781118176351
9789332515598
9780814431702
9780071798112
9789814382779
9780132963831
9781118417447
9780071782890
9781627230094
9781606492055
9780133742374
9781908474483
9781606494059
9780132965682
9781606494233
9780133017434
9781118416273
9780133823486
9780730308645
9781118233924
9781118824337
9781118674741
9781118748756
9781118233597
9781119995081
9781605093864
9780470596203
9781604276800
9781593272753
9781430263494
0596005644
9781449329297
9781847192028
9781849511148
9781847198525
9781847197665
9780321637673
9781118216767
9780470496343
0131888633
013187036
9781119951247
9780132366977
9781119993988
9781606492192
9781118113929
9781601632432
9780470639016
9780787957858
9780470919668
9780470830062
9781118123195
9781118098066
9780133158144
9780470482551
9781606496145
9781906821838
9781118352021
9789814346894
9781780171500
9789814398893
9780814432150
9780137058617
9781408134108
9780137155217
9780768690545
9780768683813
9780768682441
0789735628
9781605092836
9780787997366
9780768683585
0789730588
9780789736994
9780470497418
9780470181805
9780470049778
0321356802
076866862
0789736462
9781576755501
9781906821173
0131467506
9780470015834
9781605098081
9780470168424
9780470449035
9780814480663
9780321552914
9780240808574
9780975950357
0130097179
9780132432733
9780764583926
0768668581
9781599961781
9781598299052
9780768678505
01120100011
9780132469043
9781430226260
9780132120487
9780131388161
9781906821661
9780132476492
9780132563468
9780132476096
9780470602102
9781118107775
9780132466769
9780470644980
9780132476263
9780470526705
9781118083727
9780470596180
9780132596411
9781846682636
9780132546119
9780470599334
9780470874363
9781608455133
9781605093765
9780470537190
9780132565196
9781906821388
9781593272876
9780470294413
9780132694315
9780470638972
9780814416327
9780470976289
9780132143448
9781606501306
9789814312714
9780071745987
9780071737241
9781845699376
9781843347262
9781843346692
9781843346197
9781843346685
9781843346340
9781843346487
9781843346203
9780857094445
9781843346258
9781843345527
9781843345978
9780133812657
9781118895931
9781629560250
9780857081148
9780132824958
9781430234975
9780857081018
9781846684593
9780814416174
9780470878996
9780132824262
9780132661102
9780132732246
9780470640043
9780470879603
9780814416532
9780132172806
9781606491676
9781609940300
9781609944759
9780123877246
9780814416617
9781605099767
9781118106372
9780132869188
9781118128381
9780470826461
9780132317719
9780132617727
9781843345671
9781609949648
9781843346142
9781843345183
9781843342649
9781601632265
9781118134283
9780071782838
9780133115338
9781118153819
9780071787178
9780071793711
9780123978264
9781118204412
9781609941253
9780071795616
9781118087176
9781119971924
9781118239490
9780132946551
9780133084702
0738437980
9781118176351
9789332515598
9780814431702
9781118416815
9781562868444
9781118506998
9781118238820
9781627230308
0738438219
9780071798112
9781457166754
9789814382779
9781906821197
9780132963831
9781118417447
9780071782890
9780071784030
9781627230094
9781606492055
9780132981927
9780133742374
9780132996792
9780133064902
9781609945282
9781606495728
9781908474483
9781606493854
9781606494059
9780132965682
9781606494233
9780133017434
9780133367010
9781118608562
9781118416273
9780133767391
9780133823684
9780133823486
9780730308645
9781118233924
9781118824337
9781118674741
9781118748756
9781118708774
9781118716601
9781118343005
9781118233597
9780787965303
9781119995081
9781605093864
9780761214229
9780470596203
9781604276800
9781593272753
9781430263494
0596005644
0596009399
9781449329297
9781847192028
9781849682527
9781849694421
1587200864
9781849693745
9781849511148
9781847198525
9780321579355
9781849692908
9781847197665
9780321637673
9780768685886
9780132756563
9780470193440
9781118602812
9780761212416
9789332501416
9781118216767
9780470496343
0131888633
9781430249658
013187036
9781119951247
9780132366977
9781119993988
9781606492192
9781606491249
9780137079681
9780137148134
9781118113929
9780240810041
9781601632432
9780470639016
9780071777100
9781605098074
9781609949686
9780735668652
9780787957858
9780857083456
9780470919668
9780470830062
9781118123195
9781118098066
9780133158144
9780470482551
9781118089699
9780132842877
9780132786676
9781907794407
9780133383263
9781118602249
9781118339404
9781118412060
9781118417270
9781118526316
9781118611180
9780133562439
9780133093155
9780123978912
9780444537768
9780444594068
9780730304791
9781118590096
9781118460344
9781118401668
9781118745533
9781118747155
9781849284738
9780814432730
9780133742749
9781292002590
9781782164869
9781118314258
9781849693622
9781118616376
9780814432075
9781292003030
9780444537591
9780133448559
9781118613160
9781118588543
9780132983426
9781119945406
9781118652015
9781849695343
9780133758108
9781118176382
9780071827867
9780133562323
9781601632982
9780814433850
9781292009292
9780321636225
9780133438796
9781449305765
9780132617734
9781592579815
9781118213650
9781846681660
9780470528532
9781118652770
9781118417706
9781118461211
9781118591864
9781782162704
9780470883174
9780470383780
9789332501393
9781118417539
9780071827867
9780133562323
9781601632982
9780814433850
9781292009292
9780321636225
9780133438796
9781449305765
9780132617734
9781592579815
9781118213650
9781846681660
9780470528532
9781118652770
9781118417706
9781118461211
9781118591864
9781782162704
9780470883174
9780470383780
9789332501393
9781118417539