9780596802028
9781947843349
9781465443090
9781523094288
70000
9781440650543
9781119361152
9781134987726
9780805825862
9780470467183
9781492068792
9781604916096
9781948580861
9781604910643
9781492038856
9781492038795
9781492038382
9781351334631
9781449393878
9781523094035
9781119426134
9781501500640
9783110395228
9781351962025
9780814432020
9781260019759
9781501500114
9789352861842
9780857087454
9781934441299
9780071366267
9781523094684
9781292158921
9781606509289
9781491995112
9781491985069
9789352861842
9780857087454
9781934441299
9781626567276
9780071366267
9781523094684
9781292158921
9781606509289
9781491995112
9781491985069
9783110373875
9780814438312
9781119291480
9780857087195
9780081005422
9781631576768
9780730331933
9781259644856
9781292155975
1560524596
1562863711
9781400852697
9781491963142
9781626566279
9780133392692
9781631573781
9780273761747
9780814415825
9781405317528
9780789495389
9780756650438
1576752720
0130173916
9781633690738
9780071369978
32562
32562
9780273768678
2226849479001
9780273770916
9780814436899
9781422131725
4220594916001
4568847593001
9780857192301
9781939529695
9783943075052
32562
32562
32562
32562
9781118866559
9781625276766
9781118911648
9781422183991
9781317462613
9781422172353
9781491921579
0131497340
9780273721826
9781783000760
30961
9781118789315
9781118911723
53863
750503
750505
758710
9780061745485
9781118770436
9781118716168
9781626562509
9780857085399
9781444354324
9781118944103
9781292081076
9781118678169
9780730304876
9780857085696
10863
9781606497548
9781783000685
9781292017174
9781604912128
9788131718728
9781783000180
9780071837224
9780071810678
9781118573457
9781292063201
9780071804745
9781562865948
9781599961767
9781562864538
9781605090085
9781576757802
9781606496381
9780071825245
9781626560772
9780470599167
9781609949044
9789814346887
9781627230391
9781908474780
9780273730286
9780470485859
9781576759356
9781576759219
9781593576707
9780761213383
9781426091117
9781564148223
9780470247594
9781905940462
9780814474433
9781576758021
9781576758687
9781408134122
9781564148148
9781400834457
9780132369961
9781562865474
9780470916001
9780814474266
9780132655798
9780470605301
9780132469104
9789814346931
9789814346986
9781408134146
9780814410158
9781843347170
9781843345145
9780857083500
9781609944636
9780857082664
9781118004623
9781118237625
9781118232569
9780273770404
9781118233276
9780071830980
9780132963060
9781609940584
9789814382861
9781118236093
9781908864901
9780273742470
9780133016956
9780814431689
9781606493243
9781606492925
9780470894064
9788131733844
9781576757741
9780132617703
9789814516846
9781491901021
0130338567
9781606496244
9781598639940
9781605098517
9781590598443
9780470586877
9788131758656
9781605096698
9781605096339
9781846683299
9780470634189
9780761214755
9781119962649
9781118401255
9780071401944
9780814417874
9781118659410
9781292004754
9780857084071
9780415691314
9780071815796
9780071829311
9780857083678
9781118239179
9781430261001
9780071799799
9780133086607
9780071446525
9780071771320
9780857083678
9781118239179
9781430261001
9780071799799
9780133086607
9780071446525
9780071771320