9781449393854
9781118425152
9780133256994
9780132761635
9781118432693
9781430235606
9781449381943
9781118026694
9780133088359
9781449382308
9781118206911
9781449356552
9781449332990
9781449308032
9781933988696
9781593272869
0596528124
9780132902281
9781449337667
9781593272821
9781849518826
9780596517748
9781449311162
9781449308216
9780980846904
9781449399115
9780735675742
9780128045046
9781491983416
9781439852811
9781482229653
9781466500525
9781315354613
9780876309445
9781439840580
9781579582494
9780750645553
9781439846377
9780134077857
9780123850591
9780134999661
9781492029045
9780135258897
9780240812045
9781260122053
9781789342789
9781788620338
9780122007514
9781789135077
9780134783208
9780134643779
9780134440903
9780133149883
9781597492003
9781597491181
9780123751652
9781260121216
9781788994521
9781788476263
9781484234082
9781484235706
9781787128873
9781787287334
300000006
9781492068297
9780123737441
9781597492188
9781928994015
9781597491341
9780124477513
9781928994428
9781788626521
9780133149906
9781492042389
9780120884773
9780134807577
9780135166253
9781449326104
9781449339661
9781449308094
9781449309688
9780596806699
0596528019
9781449335472
9781449308025
9781449357702
0596000707
9780596805449
9780596804398
9781449367299
9781449309725
9781449342425
9780596514426
0596007698
9781631591440
9780471542872
9780134848167
9780134859538
9781788993173
1565925726
9781788621434
9781466557536
9780123735805
9781788476560
9781931836562
9781932266696
9781931836371
9780750657358
9780750683883
9780750687591
9780123742148
9781597492867
9780750685979
9781597492577
9780123705495
9780123745415
9780123740922
9781597494281
9781597494281
9781597494298
9781597494298
9780123750754
9781597494182
9780123744616
9780123750778
9781856175296
9781597490818
9780123849236
9780123869852
9781597491976
9780123846983
9781597492416
9780123945839
9780124104136
9780123978776
9780124072381
9780124166752
9780125571890
9781931836579
9780750677837
9781932266825
9780123736932
9780123742544
9781597490733
9781931836425
9781931836425
9781558608528
9781786461674
9781449339029
9781631575952
9781492067504
9781119338567
0596100523
9781119416944
9781119390602
9781789136067
9781119436256
9781119416876
9781119409939
9781119449225
9781789130089
9780123708915
9781492032243
9781788624893
9780134762814
9780133784916
9780133784916
9781558607514
9781491931240
9781260031362
100000006
9780134866116
1587051974
9780133096439
9780134861081
9780240812441
9780240810027
9780240806822
9780240806969
9780240807485
9780240516356
9781788990899
9780134576213
53863
9781501507205
9781491992524
9780071844734
9780134661063
9781847191151
9781788833226
9780071664516
9780071832922
9780134866857
9780134466330
9780134679471
9780134645308
9780134845906
9780123744012
9781606509807
9781466562738
9781788299466
100000006
9781492030478
9780134683355
9780134757605
9781492030751
9780738442785
9781119385035
9781783984282
100000006
9781491962435
9780123748799
100000006
9780080558479
100000006
100000006
9781119056249
100000006
9781787121782
9781788476188
9781788290999
100000006
9781119288312
100000006
9780134760735
9780128008294
9781466571662
9781119328285
9781787288201
9780134688428
9781788477567
9780128097830
9781848218093
9781784393335
9781785289262
9780134760834
9780134713250
9781786466976
9781786462305
9781787129214
9781788477826
9780768683097
9781787125858
9780134765068
9780134840635
9780134586656
9780134608938
9780134670584
9780134299761
9780134307091
9780134783277
9781484208595
9781617293634
9781317302940
9780738442648
9780134540238
9780134835662
9781491962183
9780134540214
9780738442242
9780738442587
9780738442570
9780738442624
9780738442600
9780738442563
9781782174523
9780134687858
9781430247401
9780134689227
9781593270476
1587051990
9780134685557
9781119277415
9780134661087
9781617293276
9780134305653
9781786464408
0596004710
9780128110287
9780134609003
9780134675398
9780134675398
9780134540221
9780134540207
9780134514895
9780134030258
9780134030258
9780134767505
9780134767529
9780133590890
9780133836523
9781492020356
9781787129047
9780134646794
9780134036113
9781119360971
9780134680842
9780134305462
9781119248835
9780134022963
9780134692333
9781786461964
9781466552647
9781491970409
9780134598598
9780133476200
9780133256666
9780133475418
9781587141713
9780133762396
9781587132773
9780137035793
9780133476446
9780133476309
9780133476507
9780134762807
9789332558373
9781786463128
9780134645292
9781788290562
9781491976609
9780134675657
9780134699967
100000006
9780768682427
9780134466163
9780134661216
1587052628
9780134686547
100000006
9780134598444
9781631576553
9780134598475
9780134469669
9781786463265
9780134514802
100000006
100000006
9781259837661
157870233
9780128053799
9780128036006
9780134426020
9780134436555
9781587141140
0321127005
9781119288367
9780738442099
9781457195419
9781119088059
9780123748263
9780133057652
9780132983341
9780133787511
9780134175478
9780470287156
0201657724
9781558608108
9780134655604
0789736268
9780128044780
9780134669632
9781482238631
9781259838026
9780133149890
9780134702636
9780134702636
9781786468697
9781449311315
9780134510071
9780134423760
9780134305554
9780134464312
9781491970386
9780128004586
9780134655529
9780128045794
9780134582863
9780134582863
9780128092491
9780134580715
9780134305387
759512
9780789737151
9780738442082
9780738442037
9780134539911
9780134664354
9780134664330
9781491954904
9780134399591
9780134588629
9780134393131
9780134643830
9781119290988
9780738441948
9780134192772
9780134436777
9781848219441
9781491969656
9780128023433
9780134426396
9781119013358
9781119288787
9780071832304
9781491932711
9781119109105
9781119257769
9781119096856
9780782144079
9780782141429
9780470986448
9780470431009
9780470427477
9780470383605
9780470185711
1587051052
1587050315
1578700841
0789734508
9781782161288
9780738441955
9780128109847
9781491971628
9781491922248
9780738441856
9780134514079
9781491962503
9781617292521
9780134393193
9780134213071
9780134468709
9781491957585
9781618661074
9781618660411
9781618660640
9781618660640
9780134663999
9780134440897
9781118900284
9781848216945
9781119137887
9780134423821
9781491964330
9781400842445
9780134512440
9780134510279
9780134645711
9780134645711
9780134425962
9780134541846
9780134541853
9781119154723
9780134135670
9781491928875
9780134141008
9781771375269
9781491952559
9780134469843
9781783989522
9780134465296
9780134465296
9780134434728
9781771376044
9780134307466
9781785888984
14128
1587051583
1587052059
1587050692
9781602670082
1587201275
1587050161
0789733528
1578701775
0789730170
0789730251
0789729911
0789727099
0735709998
0735709777
0672325659
0672321572
0201760320
0131482076
0131014684
0130449148
0130259624
0130198463
0130165115
9780470061961
1578701082
1587051346
158705129
1587050439
0130473316
1578702410
9780974094564
9780471460527
1587200570
1587052148
158705017
1578701139
0201753014
0201715007
0130649074
9780134392448
9780134392448
15193
14128
14128
14128
14016
14128
14128
14128
14128
14128
1587051478
1587051516
1587051435
1578701570
1578701805
1587200546
1587201003
1578700973
0672320525
0672323737
15183
15183
15183
15193
14133
15183
14133
14133
14133
1587050870
1587051109
1587130173
9780782144062
157870071
1578700418
0789731150
0789722739
0321122445
0130142484
9781602670020
9781587140846
9780470011942
1587052040
1587200651
0672324547
0321168798
1587051044
1578701813
1587051540
1587050862
1587051125
1578702208
1587050676
1587050250
158705096
1587050897
9780134305721
77761
9781771376167
9781491958285
9780134307398
53863
0738400149
9780133476385
9780133475470
9780470489628
9780470450604
9781484214107
032124544
9781587141652
9781587142369
9780133448443
9781587140327
9781587058455
9781587053238
1587051753
9780132492485
9780132492492
9780132492508
9781587058691
9781771375955
32562
9781771375634
9780134467207
9780134272962
9780134272306
9780071847971
9780134432540
9780134307183
9781771374828
9780071838399
9780133069617
9781771374521
9781317554639
9781491905449
9781785887819
9781771375566
9788131727591
9780134179339
9780133987928
9781119096481
9781119155034
4288491511001
4330773348001
9780134400631
9780134387772
9781491938775
1587050196
9781119092155
9780134176550
9781457196423
9780071844598
9780071848879
9780738441078
9780134429434
9781118759264
9780134307619
9781771375320
9780134135854
9780133103632
9780133497342
9780133497229
9780133517736
9780133392722
9780133479843
9780134171760
9781491932643
9780133363289
9780133367867
9781587203084
9781587203022
9780134033549
9781783553136
9781118678886
9780738440446
9781118878798
1578702402
9781119067764
9781119021247
1578701562
1578701619
9781457189913
9780134390895
9780768683820
9781771373692
9781783987641
9781118896129
9780071827652
9781119021162
9780134097824
9780470438893
1587051877
9780133888751
9780132103480
9780071832083
9780738440682
9781771373722
9781783987405
9780071825733
9780132173636
9781783987948
9780133965827
9780133891430
9780134190969
9780071807968
9780134053554
53863
9780134034195
9780134052281
9781784397586
9780133930375
9781118856758
9781118825372
9781491904930
9780133860429
9781771373401
9781784399764
9781118647844
9781118703441
9781119011514
9780133481617
9781783987344
9781783553532
9780134098357
9780134031774
9781118915356
9781491924280
1936334909
9780133762532
9780133925883
9780133962123
9780132954389
0738440345
9780133965858
9780133846751
9780133814590
9780133854534
9780133965926
9780134086774
9780133990904
9780134034249
9781782177807
9781118789704
9781491949566
9781491908211
9780133835793
9781783554638
9780133949407
9781587054907
9781587202100
9781587202094
9781680500103
9780071825320
9780133757330
1578700892
9781941222621
9781941222348
0738439657
9781118693810
9780133855104
9781783986866
9781587202988
9781626561861
9780133987331
9780133990874
9780133996210
9780134029986
9780133410433
0738439436
9780133893021
9781615429745
9781849688284
9781593271497
9780071497282
9780071614870
9780470851647
9780132682732
9780471004547
9781119965343
9780789743855
9780123745354
9780470822340
9780471229360
9780471975151
9780471615507
9780768690347
0789729857
9780071596800
9780471723462
9781593271657
0789729814
9780470843185
9780471681656
1587201089
9788483561805
9780471429753
9780071798259
9780133816877
9781449335229
9781602670051
9781602670006
9780470277966
9780470570500
9781118445990
9781118930953
9780133846096
9780132376075
9780132312141
9780132103404
9780132966061
9780132550345
9780132103459
9780132786782
9780132375559
9780132904063
9780133381702
9780133367683
9780132103541
9780132995740
9780133410303
9780133116137
9780133367843
9780133410235
9781601630506
9781593271695
0789729113
9780768687347
9780470607008
9780768683905
9780321544865
9780789737137
0789730243
9780470191194
9780789742995
0789732467
9780470034163
9780768690200
9781405317535
9781597493062
0789729237
9780471749066
0789732726
0672328321
0672327023
0596008694
9780975950357
9781590594940
9781118097793
9780470399835
9780071702980
9781119974291
9781593271916
9780470371763
9781118099490
9780071701457
9780470742372
9781608458165
9781118102206
9780071713887
9781118618714
9780471139010
9780470997680
0738435015
9780133787016
9780133553734
9780133888713
9780132957977
9780133593556
9781118617205
9780470922675
9781119977490
073843549
9781118600986
9781118617069
9780071767576
9781848213210
9781118599891
0738435511
0738435309
9780071760188
9781618660282
1618660020
9780132984928
9781618660114
9780789743565
00320090099
9781118875629
9781118649381
9781118820070
9781618660565
9781118565995
9781118344903
9781119943556
9781608458226
9781608458806
9781118376294
9781119963028
0738438421
0738438219
9781118411018
9781118148631
9781118479780
9780471455585
9780470499030
0738438561
9780133025781
9788131761274
0738436534
073843650
0738437948
0738438839
0738438820
0738438812
9781118579893
9780240811864
9781118749777
9780133412697
0738439088
9781430264309
9780133517606
9781118876862
9781782166580
9781598638783
9781597495639
9780123743008
9780470193389
9780470402382
9780071789158
9780071488617
0789732645
9780470936870
9780470976746
9780470438909
9780470431313
9780470427484
9780071701396
9781119994350
9780071788816
9780133037739
9781118041611
1578700949
078973530
9780132802123
9780071639217
9780470527672
9781118188217
9780470055755
9780132962216
9780470231524
9780789746313
9780080548753
9780470080238
9781118137857
9780132882996
9781430257400
9781593272036
9781593271930
9780133579727
0596101007
9780596513726
0596005628
0596001509
9780596101510
059600558
1565925106
1565924495
0596008651
1565925297
1565928393
0596003676
0596005598
9780596510039
0596002971
0596101449
059600186
0596004109
0596001258
0596002750
059600687
156592942
0596002300
0596100329
9780596528249
1565926609
9780596802585
0596005024
0596002041
059610006
0596000200
1565923855
0738496197
0596009348
0596003226
0596004036
1565923774
0596008082
0596001665
0596001274
9781847195968
1587201712
9781587057953
1587201631
9781587053160
1587051818
1587052202
158705020
1587051494
1587201461
1904811256
9780132442381
1587051575
1587201534
9781587058103
9781587057526
1587051591
1587052156
9781587058349
9781587202933
9781587053344
9780132378635
9781587142031
9781904811121
0201619105
9780132567176
9780132730747
9781587059285
9781587059063
9781587053115
9781587201967
1587050900
1587050714
9781587056147
158705213
9780133034844
1587050749
1587200902
1587052415
1587052105
1587200600
9780132442701
1587053217
9781587201769
9781587055676
9781587052569
0201746123
9781587052705
9781587057618
9781847197061
013046189
9781587053290
1587053152
9781587202155
9781587055461
1587051915
9781587056055
9781587054884
9781587057960
9781587057571
9781587201820
9780321618924
9781587052194
0131411551
9781849510967
9781587057724
9781587140211
1587052237
9781587203299
1587051443
1587051249
9781587140167
9780133033397
0130661023
9781587054570
1587051893
9781587058387
9781587141416
9781587140617
1587053128
9780132582087
9780133033595
1587051362
9781587057823
9781849684484
9780132486378
1587201208
9780133057485
0201775921
9781587059988
9780132372046
9781587053337
1587200740
020163354
1587050706
9781587056123
9780132442350
9781587053511
0201633469
9780132731096
1587051850
9781587056093
9781587053061
1587051451
9781587058943
9781587058813
1587053241
9781587141287
9781587058615
9781587058431
9781587057762
1587051923
9780132567145
9781587058677
1587050412
1587052318
9780132442213
9780132486415
1587053144
1587050609
9781587201509
9781587203350
9781587057458
9780133033441
9781587054990
9781587201899
1587050811
1587050390
9781587142116
9781587058288
9781587053276
9780132660341
9780132375580
1587051117
1587051680
1587052601
9780132168304
9780133033410
9781587055713
9781587132469
9781587052729
9781587142239
9780132492522
1587201364
9781904811718
9780132486460
1587052733
1587053101
9780132442398
9780132567114
1587201771
9780133057454
0131414631
1587052660
1587201372
1587051532
9781587141256
1587050773
1587053225
9780133393033
1587201224
1587201569
1587201348
9781587053375
1587200465
1587052091
9781587201936
1587052113
9781587201882
9781587053368
1587051192
1587052482
9780132854603
9781587052613
1587052407
1587053136
9780768681482
9781587140303
9781587140648
9781587142291
9780321647672
1587052687
1587052334
1587052369
9781587140426
9781782171065
9780132300575
9781782160809
0201634481
9781849698726
9781783282296
0130902942
9781782178200
9781783551019
9781783283491
9781849517645
9781782170662
9781782170426
9780132442282
9781587204647
9780133371420
9780132984904
30000
30000
9780132854528
9781587054952
1111111
0201604736
9781587054914
9781587054891
013147023
9781849684323
9780321638373
0672322498
9781587202186
0131747991
9781587054624
9780133445725
1587052229
9780133259223
0131011138
9780133787283
9781618661241
9781449362980
9781576756201
0738436771
9780133553741
9780735664814
9780735669680
9780735624467
9780132652933
9780132582407
9781118602171
9781118602225
9780133786729
9781849519809
9780123850553
9780124016736
9780123969606
9780123969583
9781849688482
9781118435250
9781118555316
9781118502327
9781849696746
9780124166301
9780133150285
9781118574355
9780240515441
9781606502884
9781849695763
9780133757736
9780071812313
9780133413038
9780133517668
9781430263708
9781118749708
9781449368265
9780133096569
9781587203138
9781587054969
9781771371100
9781782165507
9780133259001
1936334798
9781771371094
00720100001
9780132984911
9780133480788
9781118113608
9781118097595
9781587142147
9780470527658
9781593272661
9781605096070
9780470916230
780596807757
9781587141560
9781587140945
9780071789226
9781587141805
9780132684033
9780470891896
9781587059506
9781587141881
9780132372107
9780132894814
9780132372176
9781449309633
9780132378581
9780132801348
9780132711609
9781118086834
9781118137550
9780133381351
9780735670136
9780132966399
9781118461310
9780735673748
9781430236801
9781118188569
9781449358143
9781118791585
9781449361709
9780132979429
9780133410686
9780132883573
9780133033373
9781118238547
9781849697149
9780123945952
9781118661260
9781849695640
9781118148624
9780071795128
9780132926683
9780133410747
9780133125344
9780133057362
9780071789059
9780133381313
9780133448481
9781118075234
9781783280131
9780132660181
9780132378994
9780132810814
9780470976135
9781849510103
1587201240
9780133757286
9781587140174
059600270
1587050021
9781587058646
1587051869
1578701651
1587051168
1587050404
9780596002541
1587051761
0201634724
1578701678
9780321618146
1587052024
1587052571
9780470247020
9781587051982
9780789737168
9781587201813
158705258
0321427610
1587053209
0596100582
1587051796
9781587056017
9780768681956
0596100140
9781587054600
1587052075
9781587058042
9780133034745
9780789737120
9780768681963
0596527225
9781587140051
9781118088050
9781587059230
9781430230489
9781587141980
9781587140495
9781587059551
9781587140730
9781587059339
9781449381721
9781587141485
9781587059186
9780768686517
9781587140556
9781587141010
9780137059355
9780596804244
9780596157944
9780768687996
9781593272746
9780470527665
9781587059377
9780470477076
9781847197689
9781118075388
9780071602174
9780132888394
9781587059117
9780133479904
9781771370790
0596100574
0596008406
9781457102424
9780133485936
9780133033496
9781449307974
9780132808200
9780596804244
9780596157944
9780768687996
9781593272746
9780470527665
9781587059377
9780470477076
9781847197689
9781118075388
9780071602174
9780132888394
9781587059117
9780133479904
9781771370790
0596100574
0596008406
9781457102424
9780133485936
9780133033496
9781449307974
9780132808200
9780596804244
9780596157944
9780768687996
9781593272746
9780470527665
9781587059377
9780470477076
9781847197689
9781118075388
9780071602174
9780132888394
9781587059117
9780133479904
9781771370790
0596100574
0596008406
9781457102424
9780133485936
9780133033496
9781449307974
9780132808200
9780596804244
9780596157944
9780768687996
9781593272746
9780470527665
9781587059377
9780470477076
9781847197689
9781118075388
9780071602174
9780132888394
9781587059117
9780133479904
9781771370790
0596100574
0596008406
9781457102424
9780133485936
9780133033496
9781449307974
9780132808200
9780596804244
9780596157944
9780768687996
9781593272746
9780470527665
9781587059377
9780470477076
9781847197689
9781118075388
9780071602174
9780132888394
9781587059117
9780133479904
9781771370790
0596100574
0596008406
9781457102424
9780133485936
9780133033496
9781449307974
9780132808200
9780596804244
9780596157944
9780768687996
9781593272746
9780470527665
9781587059377
9780470477076
9781847197689
9781118075388
9780071602174
9780132888394
9781587059117
9780133479904
9781771370790
0596100574
0596008406
9781457102424
9780133485936
9780133033496
9781449307974
9780132808200
9780596804244
9780596157944
9780768687996
9781593272746
9780470527665
9781587059377
9780470477076
9781847197689
9781118075388
9780071602174
9780132888394
9781587059117
9780133479904
9781771370790
0596100574
0596008406
9781457102424
9780133485936
9780133033496
9781449307974
9780132808200
9780596804244
9780596157944
9780768687996
9781593272746
9780470527665
9781587059377
9780470477076
9781847197689
9781118075388
9780071602174
9780132888394
9781587059117
9780133479904
9781771370790
0596100574
0596008406
9781457102424
9780133485936
9780133033496
9781449307974
9780132808200
9780596804244
9780596157944
9780768687996
9781593272746
9780470527665
9781587059377
9780470477076
9781847197689
9781118075388
9780071602174
9780132888394
9781587059117
9780133479904
9781771370790
0596100574
0596008406
9781457102424
9780133485936
9780133033496
9781449307974
9780132808200
9780596804244
9780596157944
9780768687996
9781593272746
9780470527665
9781587059377
9780470477076
9781847197689
9781118075388
9780071602174
9780132888394
9781587059117
9780133479904
9781771370790
0596100574
0596008406
9781457102424
9780133485936
9780133033496
9781449307974
9780132808200
9780596804244
9780596157944
9780768687996
9781593272746
9780470527665
9781587059377
9780470477076
9781847197689
9781118075388
9780071602174
9780132888394
9781587059117
9780133479904
9781771370790
0596100574
0596008406
9781457102424
9780133485936
9780133033496
9781449307974
9780132808200
9780596804244
9780596157944
9780768687996
9781593272746
9780470527665
9781587059377
9780470477076
9781847197689
9781118075388
9780071602174
9780132888394
9781587059117
9780133479904
9781771370790
0596100574
0596008406
9781457102424
9780133485936
9780133033496
9781449307974
9780132808200
9780596804244
9780596157944
9780768687996
9781593272746
9780470527665
9781587059377
9780470477076
9781847197689
9781118075388
9780071602174
9780132888394
9781587059117
9780133479904
9781771370790
0596100574
0596008406
9781457102424
9780133485936
9780133033496
9781449307974
9780132808200
9780596804244
9780596157944
9780768687996
9781593272746
9780470527665
9781587059377
9780470477076
9781847197689
9781118075388
9780071602174
9780132888394
9781587059117
9780133479904
9781771370790
0596100574
0596008406
9781457102424
9780133485936
9780133033496
9781449307974
9780132808200
9780596804244
9780596157944
9780768687996
9781593272746
9780470527665
9781587059377
9780470477076
9781847197689
9781118075388
9780071602174
9780132888394
9781587059117
9780133479904
9781771370790
0596100574
0596008406
9781457102424
9780133485936
9780133033496
9781449307974
9780132808200
9780596804244
9780596157944
9780768687996
9781593272746
9780470527665
9781587059377
9780470477076
9781847197689
9781118075388
9780071602174
9780132888394
9781587059117
9780133479904
9781771370790
0596100574
0596008406
9781457102424
9780133485936
9780133033496
9781449307974
9780132808200
9780596804244
9780596157944
9780768687996
9781593272746
9780470527665
9781587059377
9780470477076
9781847197689
9781118075388
9780071602174
9780132888394
9781587059117
9780133479904
9781771370790
0596100574
0596008406
9781457102424
9780133485936
9780133033496
9781449307974
9780132808200
9780596804244
9780596157944
9780768687996
9781593272746
9780470527665
9781587059377
9780470477076
9781847197689
9781118075388
9780071602174
9780132888394
9781587059117
9780133479904
9781771370790
0596100574
0596008406
9781457102424
9780133485936
9780133033496
9781449307974
9780132808200
9780596804244
9780596157944
9780768687996
9781593272746
9780470527665
9781587059377
9780470477076
9781847197689
9781118075388
9780071602174
9780132888394
9781587059117
9780133479904
9781771370790
0596100574
0596008406
9781457102424
9780133485936
9780133033496
9781449307974
9780132808200
9780596804244
9780596157944
9780768687996
9781593272746
9780470527665
9781587059377
9780470477076
9781847197689
9781118075388
9780071602174
9780132888394
9781587059117
9780133479904
9781771370790
0596100574
0596008406
9781457102424
9780133485936
9780133033496
9781449307974
9780132808200
9780596804244
9780596157944
9780768687996
9781593272746
9780470527665
9781587059377
9780470477076
9781847197689
9781118075388
9780071602174
9780132888394
9781587059117
9780133479904
9781771370790
0596100574
0596008406
9781457102424
9780133485936
9780133033496
9781449307974
9780132808200
9780596804244
9780596157944
9780768687996
9781593272746
9780470527665
9781587059377
9780470477076
9781847197689
9781118075388
9780071602174
9780132888394
9781587059117
9780133479904
9781771370790
0596100574
0596008406
9781457102424
9780133485936
9780133033496
9781449307974
9780132808200
9780596804244
9780596157944
9780768687996
9781593272746
9780470527665
9781587059377
9780470477076
9781847197689
9781118075388
9780071602174
9780132888394
9781587059117
9780133479904
9781771370790
0596100574
0596008406
9781457102424
9780133485936
9780133033496
9781449307974
9780132808200
9780596804244
9780596157944
9780768687996
9781593272746
9780470527665
9781587059377
9780470477076
9781847197689
9781118075388
9780071602174
9780132888394
9781587059117
9780133479904
9781771370790
0596100574
0596008406
9781457102424
9780133485936
9780133033496
9781449307974
9780132808200
9780596804244
9780596157944
9780768687996
9781593272746
9780470527665
9781587059377
9780470477076
9781847197689
9781118075388
9780071602174
9780132888394
9781587059117
9780133479904
9781771370790
0596100574
0596008406
9781457102424
9780133485936
9780133033496
9781449307974
9780132808200
9780596804244
9780596157944
9780768687996
9781593272746
9780470527665
9781587059377
9780470477076
9781847197689
9781118075388
9780071602174
9780132888394
9781587059117
9780133479904
9781771370790
0596100574
0596008406
9781457102424
9780133485936
9780133033496
9781449307974
9780132808200
9780596804244
9780596157944
9780768687996
9781593272746
9780470527665
9781587059377
9780470477076
9781847197689
9781118075388
9780071602174
9780132888394
9781587059117
9780133479904
9781771370790
0596100574
0596008406
9781457102424
9780133485936
9780133033496
9781449307974
9780132808200
9780596804244
9780596157944
9780768687996
9781593272746
9780470527665
9781587059377
9780470477076
9781847197689
9781118075388
9780071602174
9780132888394
9781587059117
9780133479904
9781771370790
0596100574
0596008406
9781457102424
9780133485936
9780133033496
9781449307974
9780132808200
9780596804244
9780596157944
9780768687996
9781593272746
9780470527665
9781587059377
9780470477076
9781847197689
9781118075388
9780071602174
9780132888394
9781587059117
9780133479904
9781771370790
0596100574
0596008406
9781457102424
9780133485936
9780133033496
9781449307974
9780132808200
9780596804244
9780596157944
9780768687996
9781593272746
9780470527665
9781587059377
9780470477076
9781847197689
9781118075388
9780071602174
9780132888394
9781587059117
9780133479904
9781771370790
0596100574
0596008406
9781457102424
9780133485936
9780133033496
9781449307974
9780132808200
9780596804244
9780596157944
9780768687996
9781593272746
9780470527665
9781587059377
9780470477076
9781847197689
9781118075388
9780071602174
9780132888394
9781587059117
9780133479904
9781771370790
0596100574
0596008406
9781457102424
9780133485936
9780133033496
9781449307974
9780132808200
9780596804244
9780596157944
9780768687996
9781593272746
9780470527665
9781587059377
9780470477076
9781847197689
9781118075388
9780071602174
9780132888394
9781587059117
9780133479904
9781771370790
0596100574
0596008406
9781457102424
9780133485936
9780133033496
9781449307974
9780132808200
9780596804244
9780596157944
9780768687996
9781593272746
9780470527665
9781587059377
9780470477076
9781847197689
9781118075388
9780071602174
9780132888394
9781587059117
9780133479904
9781771370790
0596100574
0596008406
9781457102424
9780133485936
9780133033496
9781449307974
9780132808200
9780596804244
9780596157944
9780768687996
9781593272746
9780470527665
9781587059377
9780470477076
9781847197689
9781118075388
9780071602174
9780132888394
9781587059117
9780133479904
9781771370790
0596100574
0596008406
9781457102424
9780133485936
9780133033496
9781449307974
9780132808200
9780596804244
9780596157944
9780768687996
9781593272746
9780470527665
9781587059377
9780470477076
9781847197689
9781118075388
9780071602174
9780132888394
9781587059117
9780133479904
9781771370790
0596100574
0596008406
9781457102424
9780133485936
9780133033496
9781449307974
9780132808200
9780596804244
9780596157944
9780768687996
9781593272746
9780470527665
9781587059377
9780470477076
9781847197689
9781118075388
9780071602174
9780132888394
9781587059117
9780133479904
9781771370790
0596100574
0596008406
9781457102424
9780133485936
9780133033496
9781449307974
9780132808200
9780596804244
9780596157944
9780768687996
9781593272746
9780470527665
9781587059377
9780470477076
9781847197689
9781118075388
9780071602174
9780132888394
9781587059117
9780133479904
9781771370790
0596100574
0596008406
9781457102424
9780133485936
9780133033496
9781449307974
9780132808200
9780596804244
9780596157944
9780768687996
9781593272746
9780470527665
9781587059377
9780470477076
9781847197689
9781118075388
9780071602174
9780132888394
9781587059117
9780133479904
9781771370790
0596100574
0596008406
9781457102424
9780133485936
9780133033496
9781449307974
9780132808200
9780596804244
9780596157944
9780768687996
9781593272746
9780470527665
9781587059377
9780470477076
9781847197689
9781118075388
9780071602174
9780132888394
9781587059117
9780133479904
9781771370790
0596100574
0596008406
9781457102424
9780133485936
9780133033496
9781449307974
9780132808200
9780596804244
9780596157944
9780768687996
9781593272746
9780470527665
9781587059377
9780470477076
9781847197689
9781118075388
9780071602174
9780132888394
9781587059117
9780133479904
9781771370790
0596100574
0596008406
9781457102424
9780133485936
9780133033496
9781449307974
9780132808200
9780596804244
9780596157944
9780768687996
9781593272746
9780470527665
9781587059377
9780470477076
9781847197689
9781118075388
9780071602174
9780132888394
9781587059117
9780133479904
9781771370790
0596100574
0596008406
9781457102424
9780133485936
9780133033496
9781449307974
9780132808200
9780596804244
9780596157944
9780768687996
9781593272746
9780470527665
9781587059377
9780470477076
9781847197689
9781118075388
9780071602174
9780132888394
9781587059117
9780133479904
9781771370790
0596100574
0596008406
9781457102424
9780133485936
9780133033496
9781449307974
9780132808200
9780596804244
9780596157944
9780768687996
9781593272746
9780470527665
9781587059377
9780470477076
9781847197689
9781118075388
9780071602174
9780132888394
9781587059117
9780133479904
9781771370790
0596100574
0596008406
9781457102424
9780133485936
9780133033496
9781449307974
9780132808200
9780596804244
9780596157944
9780768687996
9781593272746
9780470527665
9781587059377
9780470477076
9781847197689
9781118075388
9780071602174
9780132888394
9781587059117
9780133479904
9781771370790
0596100574
0596008406
9781457102424
9780133485936
9780133033496
9781449307974
9780132808200
9780596804244
9780596157944
9780768687996
9781593272746
9780470527665
9781587059377
9780470477076
9781847197689
9781118075388
9780071602174
9780132888394
9781587059117
9780133479904
9781771370790
0596100574
0596008406
9781457102424
9780133485936
9780133033496
9781449307974
9780132808200
9780596804244
9780596157944
9780768687996
9781593272746
9780470527665
9781587059377
9780470477076
9781847197689
9781118075388
9780071602174
9780132888394
9781587059117
9780133479904
9781771370790
0596100574
0596008406
9781457102424
9780133485936
9780133033496
9781449307974
9780132808200
9780596804244
9780596157944
9780768687996
9781593272746
9780470527665
9781587059377
9780470477076
9781847197689
9781118075388
9780071602174
9780132888394
9781587059117
9780133479904
9781771370790
0596100574
0596008406
9781457102424
9780133485936
9780133033496
9781449307974
9780132808200
9780596804244
9780596157944
9780768687996
9781593272746
9780470527665
9781587059377
9780470477076
9781847197689
9781118075388
9780071602174
9780132888394
9781587059117
9780133479904
9781771370790
0596100574
0596008406
9781457102424
9780133485936
9780133033496
9781449307974
9780132808200
9780596804244
9780596157944
9780768687996
9781593272746
9780470527665
9781587059377
9780470477076
9781847197689
9781118075388
9780071602174
9780132888394
9781587059117
9780133479904
9781771370790
0596100574
0596008406
9781457102424
9780133485936
9780133033496
9781449307974
9780132808200
9780596804244
9780596157944
9780768687996
9781593272746
9780470527665
9781587059377
9780470477076
9781847197689
9781118075388
9780071602174
9780132888394
9781587059117
9780133479904
9781771370790
0596100574
0596008406
9781457102424
9780133485936
9780133033496
9781449307974
9780132808200
9780596804244
9780596157944
9780768687996
9781593272746
9780470527665
9781587059377
9780470477076
9781847197689
9781118075388
9780071602174
9780132888394
9781587059117
9780133479904
9781771370790
0596100574
0596008406
9781457102424
9780133485936
9780133033496
9781449307974
9780132808200
9780596804244
9780596157944
9780768687996
9781593272746
9780470527665
9781587059377
9780470477076
9781847197689
9781118075388
9780071602174
9780132888394
9781587059117
9780133479904
9781771370790
0596100574
0596008406
9781457102424
9780133485936
9780133033496
9781449307974
9780132808200
9780596804244
9780596157944
9780768687996
9781593272746
9780470527665
9781587059377
9780470477076
9781847197689
9781118075388
9780071602174
9780132888394
9781587059117
9780133479904
9781771370790
0596100574
0596008406
9781457102424
9780133485936
9780133033496
9781449307974
9780132808200
9780596804244
9780596157944
9780768687996
9781593272746
9780470527665
9781587059377
9780470477076
9781847197689
9781118075388
9780071602174
9780132888394
9781587059117
9780133479904
9781771370790
0596100574
0596008406
9781457102424
9780133485936
9780133033496
9781449307974
9780132808200
9780596804244
9780596157944
9780768687996
9781593272746
9780470527665
9781587059377
9780470477076
9781847197689
9781118075388
9780071602174
9780132888394
9781587059117
9780133479904
9781771370790
0596100574
0596008406
9781457102424
9780133485936
9780133033496
9781449307974
9780132808200