9783110550771
9781465487001
9781492048169
9781491983577
9781492025856
9781492038733
9781492044475
9781933115634
9781492025993
9781449371449
9781449311285
9780596516147
9781492025955
9780240823768
9783110433074
9780415650489
9781491985373
9781484221754
9781491976326
9780857195449
9781786467201
9781491976241
9781491976166
3642621698001
9781491958551
9781491968086
9781400848171
9781491974087
9781491944660
9781491959701
9781449359218
9781491944639
9781771376006
9781491965115
9781491944608
9780756649777
9781634624671
9780128156100
9780135159071
9781492038054
9781492033004
9781491999455
9781491990797
9781785280429
9781491986899
9781492048381
9781492049197
9781492048503
9781492048534
9781492048442
9781492048428
9781492048206
9781492048237
9781492048107
9781492048169
9781492049319
9781492049234
9781492042730
9781492042686
9781492033110
9781491983577
9781449333348
9781449310516
0596002637
9781783554393
9780750672917
9781789611618
9781484232132
9781635267099
9781634624442
9781492025856
9781634624251
9781492038733
9781789615388
9781634624350
9781492044475
9781634624343
9781634624336
9781634624329
9781789617207
9783110599039
9781788839969
9781789616057
9781789539219
9781351686396
9781351645645
9781933115634
9781607286479
9781789342628
9781788835824
9781597491099
9781491953235
9781788831192
9781449327903
9781491981573
9781492042785
9781492025993
9781449371449
9781449311285
9781449331771
9781449364670
9780596516147
9781491960103
9781634623940
9781634623919
9781484235973
9781634623933
200000006
9781617290343
9780123747204
9780124173194
9780127999579
9780128008355
9781119382201
9781119080022
9781119129752
9781634623742
9781484230541
9781119436256
9781634623643
9781634623636
9781634623599
9781634623575
9781634623568
9781492025955
9781634623513
9781788830348
9780240823768
9780240802329
9783110433074
200000006
9781484221495
9781787287600
9781627052214
9780691149660
9781787288591
9780415650489
9781634623353
9781491960493
9781947843042
9781284056945
9781492031185
9781491985373
9781634623124
9781785883279
9781787125018
9781634623070
9781634622981
9781634623018
9781634622974
9781634622967
9781634623056
9781634622950
9781634622943
9781787286139
9780124045767
9781634622912
9781634622929
53863
9781491994207
9781491994184
9781491994160
9781484221754
9781788620758
100000006
9781484227213
9781634622844
9781491976326
9780857195449
9781491915080
9781634622714
9781788294294
9781492023876
9781849516020
9783110480047
9781634622707
9781786467201
9781787280748
9781634622585
9781787129627
9781785886188
9781788391535
9781788298452
9780071846066
9781634622523
9781634622462
9781491993866
9781491972373
9781317343486
9781491938911
9781634622448
9781491990711
9781634622196
9781260011869
9781788474733
9781491976241
9780240814469
9781635261486
9781491990735
9781491990872
9780128122334
53863
53863
9781787121041
9781785281945
9781491980163
9781491985199
9781634622301
9781491986103
9781119356240
9781119327639
9781119092940
9781491976166
9781788294782
9781787282858
9781491986233
3642621691001
3642621698001
9781634621861
9781634622264
9781317450344
9780134691527
9781491984314
9781634622165
9781634622134
9781787280809
9781634622127
9781491979006
9781491958551
9780738442358
9781615648511
9781119232193
9781634621984
9781785289699
9781785887918
9781491978665
9781492018674
9781782172161
9781491968086
9781634621977
9781634621960
9781491978627
9781400848171
9781634621922
9780128038543
9781491978351
53863
9781634621519
9781634621656
9781491974087
9781634621632
9781491975374
9781785289712
759711
759808
9781491966358
9781680502237
9781491944660
9781634621618
9780134660141
9780128025475
9781634621595
9781631575617
9781848218802
9781119138402
9781119257233
9781634621281
9781491959701
9781634621328
9781449359218
9781491971024
9781633430037
9781491944639
9781771376006
9781119015581
9781491965115
9781491944608
9780134212524
9781119027034
9781119181118
9781119231387
9781491961896
9781785882067
9781491960226
9781634621113
9781491924259
9780756649777
9780756642013
9781634621922
9781439819906
9780128038543
9781491978351
53863
9781634621519
9781634621656
9781491974087
9781634621632
9781491975374
9781785289712
759711
759808
9781491966358
9780133039580
9781680502237
9781491944660
9781634621618
9780134660141
9780128025475
9781634621595
9781631575617
9781848218802
9781119138402
9781119257233
9781634621281
9781580256001
9781491959701
9781634621328
9780128042618
9781449359218
9781491971024
9781633430037
9781491944639
9781771376006
9781119015581
9781491965115
9781482240559
9781491944608
9780134212524
9781119027034
9781119181118
9781119231387
9781491961896
9781785882067
9781491960226
9780080530260
9781634621113
9781491924259
9780756649777
9780756642013
0672324865
9780764579486
9781902505718
013046404
0130325848
9781902505848
9780471777090
9781491957684
53863
9788131731925
9781785281372
9781491942352
9781935504108
9781626566606
9781784393564
20252
9781491944561
9781484212189
9780134291185
9780133991246
9781634621021
2235490718001
3133326704001
9781491916544
9781484202777
9781634620949
9780133887402
9781491938324
4536981736001
9781848217553
9780134289311
9781634620840
9781634620987
9781119106203
9781491928004
9781491936573
9781782173175
9780071844819
9781849287296
9781940363547
9781491934777
9781491923931
9781118876138
9780128014820
32562
32562
9781118873571
9781908003553
9781606492130
9781491927984
9781118892749
9781422159323
0130460788
0837440663
9780134131900
9781860582813
9781491917695
9781491931073
9781491931059
9781491931080
9781491931035
9781118099513
9781465442987
9781491927960
9781617290343
9781785284014
9781491917381
9780738440606
9781118841525
9781491924143
53863
9781118920701
9781118919774
9781118920657
9781118910894
9780133122633
9781118824795
9781118763186
9781449359201
9781491925454
9781118942895
9780814434789
9781491900352
9781771373289
9781118851005
9781118903841
9780730313779
9781449304829
9781491904657
9781634620147
10863
9781484200940
9780133887655
0738440159
9781430265993
9781491908860
9781491914816
9781849686921
9780133819854
0738440078
9788177589818
9781783980246
9781491947845
9781491915165
9781118901847
9780131370036
9781491911419
9781305115088
9781935504870
9781935504283
9781491910610
9781491901984
9781491902233
9781491902011
9781491902486
9781605097114
9781605097121
9780470508022
9781605094250
9781849281201
9781491909003
9781118417089
9789814382649
9780470094631
0028636376
9780080447308
9780471715795
9781590596722
9781605092515
9780470168783
9780470974568
9781605098876
9781608455072
9781608454303
9781605095264
9780123918864
9781849281102
9781907568978
9781843346722
9780132690270
9780132697026
9781861974297
9781400838141
9780132690195
9781608456550
9781118018262
9781118085882
9781843345800
9781849284271
9781118235560
9781935504337
9781906124847
9789814408738
9789814398886
9780124157965
0738436283
9781935504603
9780133553673
9780814434031
9780764567575
9781118213575
9781935504221
9781449342692
9781449343408
0596006349
9781449306069
9781449305901
9781449305987
9781449305864
9781449306311
9781449305918
9781449305819
9781449306274
9781449305932
9781449305772
9781449305871
9781449306243
9781449305734
9780596802257
9780273707929
0321399838
9781849519823
9780321649188
9781847198907
9781849680684
9781782177043
9781783280995
9780137136889
9780132442107
9781617290398
9781491900321
9781118502921
9781118841549
9781605093406
9781849694407
9780240807560
750004
9780470612910
9781576759554
9781562864156
9781491945551
9781118661468
9781782170488
9781449365448
9781449334567
9781935504665
9781491945537
9781437778793
9781118616017
9781491947227
9780814433201
9781449363062
9781935504481
9781430244288
9781609949150
9781430250197
9780071799669
9780133807226
55555
9781449306236
01220110020
9781449306151
9781491946435
9780133359084
9781935504092
9781935182856
9781783289080
9780133488654
9780071827263
9781118644171
9780470385494
9780071744324
9780470178454
9781449306113
9781118239155
9781449336172
9781449365394
9781449321390
9781118239049
9780596801656
9781449321390
9781118239049
9780596801656