9781449379889
9780596529321
0596528124
9781449336455
0201835959
9781430209874
9781590595008
9781449317881
1565925092
9780596510046
9780596155780
9780132542913
9781449315085
9780596809515
9780596516246
9781119258353
9781788291804
9781260121148
9781592532773
9781789530568
9781492026075
9781484234563
9781484227251
9781788476195
9781449332471
9781788991155
9781789539868
9781788626910
9780128006313
9781491912201
9781788996648
9781788398329
9781484235768
9781501505645
9781260135459
9781119086543
9781597494205
9780123735683
9781597491969
9781788397049
9780135224779
9781492067580
9781788478656
9781509303885
9780128012758
9781788474924
9780134858432
0596006659
059600852
9781449309749
0596009763
9780596101718
9780596800604
9781491947579
9781449359447
9781449365431
9781449357832
9781449332365
9780596514334
0596002734
9781449397586
9781449397586
9781449331153
9781449331153
9781491926680
9780596807313
9780735668300
9781491917473
9781449343156
9780596514976
9781449390280
0596527993
9781788474481
9781789343038
9781449362898
9781484233726
9780134769905
9780134658346
9781928994190
9780120887972
9781558609204
9781597499637
9780123747303
9781597494212
9780123747228
9780123820228
9780123750419
9781597496476
9780123877338
9781597499477
9780124080676
9780128007617
9780128024195
9781597496254
9780123746306
9781484234778
9780123693792
9781788299329
9781119385981
9781119374145
9781491901823
9781484234471
9781484233757
9781789133844
9781788395199
9781509305230
9783110408546
9780071830478
9781788472296
9780240516233
9783110433074
9781788395809
9781789134285
0738424609
9780123820204
10000
9781509307821
9781484232552
9781786462541
9781484225622
9781787284746
9781788392013
9781788997485
9781284056945
9781788397452
9781787124240
1565926978
1565922387
0596001800
9781634623049
100000006
9781260025972
9781492030966
9781484219904
9781634622936
9781484222652
9781484219553
9781484219430
9781484218952
9781484218112
9781484211793
9781484209837
9781788471176
9781788836135
9781788396219
9781484214220
9781484219584
9781484219843
9781491943199
100000006
9781788397186
100000006
9781491963401
9780134840901
9781491979792
9781491938607
9781484220801
9781484219645
9781484222713
9781484225325
9781484224359
9781484227213
100000006
100000006
9781430232254
9781430223733
9781785888359
0768666708
032139674
9781555583316
9781484201930
9781484211397
9781484207376
9781259643873
9781484209899
9781484228319
9781788393522
9781849516020
9781849680622
9781849682688
9781849684781
9781849685245
9781849685740
9781849687560
9781788393638
9780134467610
9781788621397
9781782169956
9781849689007
9781849689809
9781259862038
9781259837203
9781788291392
9781783550609
9781784391584
9781785280474
9781785283635
9781785289071
9780071778282
9781786463739
9780596526849
9781786461827
9781786468611
9781787281431
9780072255836
9780134769851
9780071833127
9780071801751
9780071850100
9780071804301
9781259589690
9781259584619
9780071846066
9780071837262
9780071824606
9780071830058
9780071798792
9780071824286
9781787123328
9780763766740
9781598220636
9781598220414
9781598220711
9781491989173
9780738442617
9780738442495
9780738442488
100000006
9781484205327
9781784391645
9781784392970
9781783555352
100000006
9780071843065
100000006
100000006
9781787123199
100000006
100000006
9781430267720
9781430262428
9781430248095
9781430247913
9781430249474
9781430249146
9781430247319
9781430242093
9781430242031
9781430237426
9781430236955
100000006
9780735621961
9781509304929
9781786464712
9781509305179
9781785883187
9780071823548
9781259586170
9781484219720
9781491983713
9781509302895
9781509304349
9781788299725
9781785284335
9781491986257
9781786465344
9780134679310
9781491979051
9781491982334
9780132603911
9781787121249
9781259836107
9781119345060
9781787125537
9781491980149
9781491978436
9781491974216
9781784396428
9780134309828
9781484208779
9781786460721
9780134579078
9781509300259
9780738441610
9780134649160
00006
9780738442303
9781491979297
00024
9781787126602
9781786460998
9781786461810
9781634621762
9781259641497
9781634621649
9781484218334
001073
9781786460370
001071
9780071596619
9781780634302
9780134619729
9781259641800
9781783989003
001163
001133
9781259641510
001131
001132
001162
001161
9780128499023
9780071833547
0130850330
9780782143683
9780764584343
9780470496602
9780470179543
9780470176399
9780470080221
0672318997
0789726718
0738423777
0672327562
9780072262391
0130293393
9781491969403
9780134664026
9781259640988
9780128109847
9781509302031
9781484202388
9780134664033
0131859161
0131007718
0131401580
9781509301959
9781618660862
9781618660596
9780134665214
9781782172123
9780134309781
9780738441641
9780071835145
9781782161080
9781783984961
9780738441597
9780134466804
9781482231908
9780134429267
9780071847445
9781782175797
9781785288975
9781634621113
9781430203483
9780071846639
0789725940
0672321130
0321118030
0130463914
9780072263190
1587050218
0789732653
078972569
0789714523
0789724499
073571049
0735709211
0672326256
0735609047
0672324512
0672324865
0672324679
0672321289
0672315068
0321245458
0201721635
013140301
0130796239
0130473200
0130462187
1932072535
9781847193315
9780764559037
9780764584350
9780764579189
9780764579486
9780470134115
0735623163
0672324687
0131477501
9781906434274
9780782143676
9780782143720
9780072263251
0789710226
0735711216
0672328631
0672323923
0672323826
0672316641
0201700476
0131403036
9781785880339
0130325848
9781906434250
9780471267157
9780470247969
0789725665
0672327910
0201700468
0130650765
0735610029
9781933988726
9780470388372
9780470247983
9780470047033
9780080557526
0672318865
0201752948
0130477311
9780470046845
0201703092
9780321444431
9781118903704
9781484212936
9781555583231
9781785284809
9781771375702
9781771970303
9780764599576
9781598220421
9780768696585
032148536
9781785281273
9781940540351
9781118530832
9781784393564
9781484217665
9781484213292
9781430250456
9781484204665
9780738441191
9781491951729
9781940540368
9780071842570
9781484217634
9780134305905
9780071828079
9781847196866
9781785283321
9781771375825
9781847194527
9781783989188
9780072262148
9780072263176
9781771373302
9781782170860
9781491928028
9781317351016
9781484207109
9781484211182
9780072261943
9781583470480
9781491941164
9780980455250
9780134289311
9781783982868
9780071847810
9780071841665
9780134175997
9781484206386
9780735698383
9780134289298
9781484214190
9781484211366
9780738440965
9781782175209
9781491919996
9780768681987
9780134291482
9781491927991
9781484204849
9780738440897
9781484200612
9781118961773
0735712573
0672325829
0672322609
078972670
0735711232
9780133824957
9780470525760
9781785284120
9780134131900
9781782177388
9781782174677
9781940540306
9780134193700
9780134277042
9780672329227
0672328240
9780471748083
9781430219286
9780134084473
9781118523704
9780738440675
9780134213033
9781617291395
9781771372411
9781849519069
9780134264264
9780071799355
9781784395292
9781457192807
9780134029894
9780134133133
9781784398682
9781783288601
9781783555314
9781590595244
9781590599839
9781590598344
9781590592359
9781430210900
9781430210016
9781430210412
9781590597293
9781484201459
9781783555338
9781783989027
9781783980581
9781771373449
9781784391492
9780133986631
9780134117058
9781783559503
9781484211120
9780133798548
9780071829427
9780133824889
9780133966244
0738440396
9781491917763
9781491921210
9781618660213
9781449389659
9780133995473
9781484202807
9781430264972
9781771373159
9781449373184
9780133994629
9789332537422
9781784392031
9780133416749
0738437964
9781491920909
9781491920909
9781491908808
9781491908846
9781118850855
9781118859193
9781783287697
9781484207604
9781430267102
9781430262992
9781484207635
100000006
9781680500073
9781849687300
9781849686921
9781783981601
9780072259605
9780072230789
9780072133790
9780071622295
9780133799392
9780133570229
9781771372763
9781771372664
9781783988983
9781771372701
9781771372794
0738440124
9780071830850
9781783981540
0738439878
9781491909379
9781430267638
9781926873954
9781926873718
01420110009
01420110004
9780768694765
9780321601421
00320090081
9780071833189
9781430267423
9780132611237
9781484200469
9780071821674
9780071824828
9781782172550
9780133430165
9781849516969
9780735639928
9781430259633
9781430259787
9781910035009
9781491908297
0738439789
073843938
9780789737083
9780072229813
0672327791
9781590596739
0672327414
0672327813
9781590598276
9780071593045
9780470127452
9780071496094
9780764579554
9780071492751
9780072231458
9780672329562
9781590595305
1565927443
0672327996
9781430208662
9780072231304
0672326345
9780470047446
9780072264609
9781590597415
9780071546690
9780071496612
9780768688870
9781590594223
0672327783
0672327651
0672328704
9780071465090
9780072262766
9781849684804
9780080470771
9781430257585
9781940540283
9781849680387
9780735672635
9780071754491
9780735675445
30000
9781555583217
9780071745345
9781849687126
9780072227291
9780071763226
9780071745383
9780071744317
9780071813020
9781849684545
9780735672758
9780071825351
9780071829236
9780071819978
9781849688888
9781617292132
01220110024
9780768687217
9780768682830
1932072241
01220110039
9789332501430
067232685
9781590599105
9780672329500
9780768683660
9780789737311
0789729199
9780470429006
0768668352
0789732483
0789735113
0321321219
9780789737236
9780768683677
9780768668544
9780470177433
0321167821
9780471919216
0789729598
9780768683776
9780470047026
0672325454
0672328550
9781590597729
9780471786481
0768668506
0789732440
9781583470800
9781555583224
9781583470749
9781583470787
9781583470770
9780768668513
9780321502902
0321375734
9780768683639
0789729407
0789735881
0768668344
9781583470718
9781430234944
9781430227519
9780071713306
9781430227878
9780071791861
9780071748667
9781906434472
9780071717632
9780071496827
9781906434489
9781430238317
9781430272137
9780470744024
9780470557419
9781906434342
9781430219958
9780131388611
9781906434595
9781430229100
9781843347224
9781449374112
9781906434632
9781782171560
9781618660480
9781618660985
9781618660992
9781618660701
9781618660589
9780071745369
9780071782791
9781430235033
9780132652667
9781118038659
9780071756235
01201000048
01420110013
9781771372237
9781618660428
9780071820288
9781782172413
9781618660756
9780133259384
9781618660695
9781430239154
9781906434939
9781906434861
9781430246596
9781906434960
0738438758
0738438790
0738437344
0738439053
9781118562802
0738438669
9781618660909
9781430265566
0738439126
9781449341107
9780980839678
9788131727188
9781906434601
9781590599426
9780470224656
9781590599174
9780071752084
9780071496629
9780071629423
9780072263053
9780470889633
9780072263312
9781426021473
9780470484289
9780071496636
9780764542565
9781430235125
9781590598825
9780470395134
9780071548083
9780470526934
9780071760478
9780768690385
9780768682779
9780321584069
9780071629324
9780470174029
9781590596364
9780071744287
9781430235064
9780768687255
9781430231479
9780470640388
9781590598023
9781590594070
9780071608466
9780470242018
9780071613705
9781590598993
9780071621823
9780071639194
9780470257012
9780071741378
9780071493697
9780071494458
9781430237594
9780071496643
9780071597098
9781118539149
9781430237358
9780470277744
9780072230659
9780470395127
9780071754170
9780071496070
9780072230666
9781430228202
9780071621113
9781430233923
0672325845
9780072253511
9780071622271
9780071622547
9780071548649
9780071623988
9780071752596
9781430236627
9781430233244
9780470563113
9780071751292
9780071768856
9780071602389
0672325675
9781430237075
9780470554203
9781430210573
9780071787925
9780071598736
9780071750332
9781590599686
9781430224136
0738438979
9781598220605
9781771371834
0596005873
0596000189
0596007892
1565925165
0596005857
0596007469
156592598
9781449313951
0596006780
1565924320
0131477005
9780133038484
0131491202
0596100124
0596004729
9780596514266
0596005733
1565927567
1565927567
9780596514105
0596001797
0596004818
0596002653
0596006217
1565929411
0596002688
0596000669
059600088
0596009771
0596006012
9780596514044
156592701
1565923758
9780596800543
0596009240
0596007272
9780596526887
0596001290
0596527985
0596527985
0596004796
1565926269
0596002335
0596008945
0596002114
0596004419
0596009577
9780131855144
1565926870
1565925785
0596001452
0596000847
9780132836470
1565924347
0596001215
0596003366
0596102151
0596528337
9780768681772
9781449324070
0596101228
1565924576
1565924509
0596006322
9780596550059
0738497770
0596003064
9780596514549
9781449305864
9781449306083
0596003811
9780596514136
9780596513757
0131345907
0596005792
1565927532
9780596155865
9781449324445
9780133461930
0738438472
9781847196286
9781847196262
9781847196187
9781849681865
9781847194640
9781847191960
9781847194305
9781847196125
9781849683968
9781847195807
9781847193636
9781847193834
9781847193551
9780131364486
9781849683142
9781847194183
9781849513548
0201791692
9780321502063
9781849681544
9780321711441
0321293533
0321447743
9780137156146
9781849680363
9781849682206
0131451316
9781849681223
0201615762
9781849680509
0201752840
9781847198341
0201741296
0672318466
9781849684347
9781849683180
9781847197740
0201694719
9781847197122
9781847197863
9781847197764
9781904811305
9781849685009
9781847198327
9781849681445
9781849684002
9780132489409
9781849683449
9781847199706
9781849682602
9781849682169
9781849510608
9780321649188
9781847198907
9781849681889
9781847197948
9781849681346
9781782176800
9781849685887
9781849682008
9781849685481
9781847197962
9780131497351
9781849683326
9781849687461
9781849680684
9781849686907
9781849687348
9781849680165
9781849686464
9780137000524
9781849682282
9780137084067
9781849684828
9781849685269
9781849681186
9781849684224
9781849687188
9781847199942
9781849683883
9781849685443
9781849686082
0321382188
9781782168096
9781849685085
9781782179672
0321349792
9780137015689
9781782177821
9780131863903
9781849686860
9781782178187
9781849518666
9781849689908
9781849682664
0321397975
9781849680004
9781849694940
9780321533203
9781847199782
0321305965
9781849513029
9780321497642
9780768678673
9781847198068
9781782171720
9781783284399
9780133012743
9781935182733
9781618660473
073562206
0735621071
9780735623033
0735621993
0735615179
9780735625990
0735621977
9780735626478
9780735621985
0735619204
0735622078
9780735621053
0735623139
9780735671393
9780735624054
9780735645158
9780735651067
9780735650916
9780735622920
9780735671591
9780735665132
9780735651081
9780735651098
9780735625891
9780735670273
0735622507
9781430229469
9780470046128
9780672329326
9780735647411
0672321017
9780735623255
9780789736697
9780470525746
9781849681384
0596527608
5060161630688
1935320297
0672309998
1936334917
9781926873206
9780132117128
01220110023
9780132378086
9781618660220
9780735647350
00015
9781771371568
9781940540238
9781782170488
9780133554496
01220110038
00042
9781771371186
9781771371803
9781782177180
9780133442076
9781430262657
9780133260946
9780071812436
9781906434991
9781430262206
9780071809801
9780071790574
9780071791885
9781430260103
9780735670174
9780071799317
9781906434809
9780071816533
9780071743693
9780133038552
9781849687409
9780735670051
9780735670013
9781849694988
9781849516686
9780133408539
9780133408539
9780124081406
9781430244288
9781849688727
9781782170686
9781782178064
9781849686006
9781430248361
9781849687485
9781849688307
9780133352955
9780735680593
9781782169109
9781782167563
9781782170242
9781118568507
9781849688987
9780133260939
9781849688703
9781849688864
9781849686846
9781849688581
9781782170143
9781430249382
9781118654903
9781849689502
9781782167488
9781782178101
9780980839647
9781849686143
9781849686365
9781782171201
9780735672802
9781430261872
9781118745274
00074
9781618660336
9781449396275
9781849689342
00053
9781771371490
91071
00320110010
00004
9781926873947
9780132378048
9781926873961
9781771370844
00008
9781771371438
1936334933
00320090055
00047
9781926873763
9780133048070
9781935182269
9780735649132
9781849680189
9781118002674
9781449382384
9781430235781
9781849513043
9781849683104
9781430234852
9781849683647
9781449319724
9781849681469
9780470475348
9780735661639
9781617290473
9780071664936
9780071608978
9780470591673
9781849517782
9781849681681
9781849510301
9781430237501
9781449330187
9780071761604
9780735673939
9781430236924
9780735669932
9781849688840
9780071797856
9780132983952
9780132983983
9781849516983
9780071759380
9781430238102
9781118490358
9781118657119
9781849687904
9781849684446
9780133122282
9781849686747
9780735672291
9780071798747
9780735671706
9781430257349
9780735669895
9781782166986
9780071788571
9781849689922
9781849687225
9781906434915
9781430245964
9781849693769
9781849684842
9780071827263
9781849681742
9780132977661
9780735667259
9781430239819
9780071779722
9781430237044
9781430242000
9780735670099
9780071780261
9781430234913
9780071804141
9781849689601
9781430257288
9780071790888
9781906434892
9781430247708
9781849683401
9781782177982
9781849684989
9781430234883
9781849685665
9780071799331
9781849516723
9780132842341
9780071752626
9781849681308
9780071774253
9781430235668
9781849683265
9781430239543
9781449317836
9780071770446
9781133788959
9780470496923
9781849510288
0672328127
9780764577321
9781449309770
059600527
059652708
9780470046739
0672327120
9780470257036
0596008643
9780071604598
9781555583293
9780470229064
0596100892
9780071591027
9780672328671
9780137151684
9780071597869
9781590598511
9781590597699
9780470247952
9781590599921
9780735626041
9780768695229
9781430232285
9780735626201
9781430219026
9780071634229
9780768686913
9780735626188
9780735634763
9781430229704
9780735625808
9780071628600
9781847195982
9781430229582
9781430232070
9780470591666
9780137047345
9780735634787
9781935182047
9780470440919
9780071629188
9781847197221
9780596805401
9780470416914
9780470289044
9780735626010
9780071614214
9781430225096
9780596155322
9780470236826
9780470277652
9780596801847
9780768689174
9780071498500
9780470257043
9780071598750
9780470385494
9780470257029
9780735651630
9781118102282
9781849689304
9781118282175
9781118237137
9781118237083
9781118101124
9781118240274
9781118106884
9781449371630
9781449396268
00049
9781449345068
9781449345099
9781449369781
9781449315054
9781449336370
9781449394592
9781449326326
9781118106884
9781449371630
9781449396268
00049
9781449345068
9781449345099
9781449369781
9781449315054
9781449336370
9781449394592
9781449326326
9781118106884
9781449371630
9781449396268
00049
9781449345068
9781449345099
9781449369781
9781449315054
9781449336370
9781449394592
9781449326326
9781118106884
9781449371630
9781449396268
00049
9781449345068
9781449345099
9781449369781
9781449315054
9781449336370
9781449394592
9781449326326
9781118106884
9781449371630
9781449396268
00049
9781449345068
9781449345099
9781449369781
9781449315054
9781449336370
9781449394592
9781449326326
9781118106884
9781449371630
9781449396268
00049
9781449345068
9781449345099
9781449369781
9781449315054
9781449336370
9781449394592
9781449326326
9781118106884
9781449371630
9781449396268
00049
9781449345068
9781449345099
9781449369781
9781449315054
9781449336370
9781449394592
9781449326326
9781118106884
9781449371630
9781449396268
00049
9781449345068
9781449345099
9781449369781
9781449315054
9781449336370
9781449394592
9781449326326
9781118106884
9781449371630
9781449396268
00049
9781449345068
9781449345099
9781449369781
9781449315054
9781449336370
9781449394592
9781449326326
9781118106884
9781449371630
9781449396268
00049
9781449345068
9781449345099
9781449369781
9781449315054
9781449336370
9781449394592
9781449326326
9781118106884
9781449371630
9781449396268
00049
9781449345068
9781449345099
9781449369781
9781449315054
9781449336370
9781449394592
9781449326326
9781118106884
9781449371630
9781449396268
00049
9781449345068
9781449345099
9781449369781
9781449315054
9781449336370
9781449394592
9781449326326
9781118106884
9781449371630
9781449396268
00049
9781449345068
9781449345099
9781449369781
9781449315054
9781449336370
9781449394592
9781449326326
9781118106884
9781449371630
9781449396268
00049
9781449345068
9781449345099
9781449369781
9781449315054
9781449336370
9781449394592
9781449326326
9781118106884
9781449371630
9781449396268
00049
9781449345068
9781449345099
9781449369781
9781449315054
9781449336370
9781449394592
9781449326326
9781118106884
9781449371630
9781449396268
00049
9781449345068
9781449345099
9781449369781
9781449315054
9781449336370
9781449394592
9781449326326
9781118106884
9781449371630
9781449396268
00049
9781449345068
9781449345099
9781449369781
9781449315054
9781449336370
9781449394592
9781449326326
9781118106884
9781449371630
9781449396268
00049
9781449345068
9781449345099
9781449369781
9781449315054
9781449336370
9781449394592
9781449326326
9781118106884
9781449371630
9781449396268
00049
9781449345068
9781449345099
9781449369781
9781449315054
9781449336370
9781449394592
9781449326326
9781118106884
9781449371630
9781449396268
00049
9781449345068
9781449345099
9781449369781
9781449315054
9781449336370
9781449394592
9781449326326
9781118106884
9781449371630
9781449396268
00049
9781449345068
9781449345099
9781449369781
9781449315054
9781449336370
9781449394592
9781449326326
9781118106884
9781449371630
9781449396268
00049
9781449345068
9781449345099
9781449369781
9781449315054
9781449336370
9781449394592
9781449326326
9781118106884
9781449371630
9781449396268
00049
9781449345068
9781449345099
9781449369781
9781449315054
9781449336370
9781449394592
9781449326326
9781118106884
9781449371630
9781449396268
00049
9781449345068
9781449345099
9781449369781
9781449315054
9781449336370
9781449394592
9781449326326
9781118106884
9781449371630
9781449396268
00049
9781449345068
9781449345099
9781449369781
9781449315054
9781449336370
9781449394592
9781449326326
9781118106884
9781449371630
9781449396268
00049
9781449345068
9781449345099
9781449369781
9781449315054
9781449336370
9781449394592
9781449326326
9781118106884
9781449371630
9781449396268
00049
9781449345068
9781449345099
9781449369781
9781449315054
9781449336370
9781449394592
9781449326326
9781118106884
9781449371630
9781449396268
00049
9781449345068
9781449345099
9781449369781
9781449315054
9781449336370
9781449394592
9781449326326
9781118106884
9781449371630
9781449396268
00049
9781449345068
9781449345099
9781449369781
9781449315054
9781449336370
9781449394592
9781449326326
9781118106884
9781449371630
9781449396268
00049
9781449345068
9781449345099
9781449369781
9781449315054
9781449336370
9781449394592
9781449326326
9781118106884
9781449371630
9781449396268
00049
9781449345068
9781449345099
9781449369781
9781449315054
9781449336370
9781449394592
9781449326326
9781118106884
9781449371630
9781449396268
00049
9781449345068
9781449345099
9781449369781
9781449315054
9781449336370
9781449394592
9781449326326
9781118106884
9781449371630
9781449396268
00049
9781449345068
9781449345099
9781449369781
9781449315054
9781449336370
9781449394592
9781449326326
9781118106884
9781449371630
9781449396268
00049
9781449345068
9781449345099
9781449369781
9781449315054
9781449336370
9781449394592
9781449326326
9781118106884
9781449371630
9781449396268
00049
9781449345068
9781449345099
9781449369781
9781449315054
9781449336370
9781449394592
9781449326326
9781118106884
9781449371630
9781449396268
00049
9781449345068
9781449345099
9781449369781
9781449315054
9781449336370
9781449394592
9781449326326
9781118106884
9781449371630
9781449396268
00049
9781449345068
9781449345099
9781449369781
9781449315054
9781449336370
9781449394592
9781449326326
9781118106884
9781449371630
9781449396268
00049
9781449345068
9781449345099
9781449369781
9781449315054
9781449336370
9781449394592
9781449326326
9781118106884
9781449371630
9781449396268
00049
9781449345068
9781449345099
9781449369781
9781449315054
9781449336370
9781449394592
9781449326326
9781118106884
9781449371630
9781449396268
00049
9781449345068
9781449345099
9781449369781
9781449315054
9781449336370
9781449394592
9781449326326
9781118106884
9781449371630
9781449396268
00049
9781449345068
9781449345099
9781449369781
9781449315054
9781449336370
9781449394592
9781449326326
9781118106884
9781449371630
9781449396268
00049
9781449345068
9781449345099
9781449369781
9781449315054
9781449336370
9781449394592
9781449326326
9781118106884
9781449371630
9781449396268
00049
9781449345068
9781449345099
9781449369781
9781449315054
9781449336370
9781449394592
9781449326326
9781118106884
9781449371630
9781449396268
00049
9781449345068
9781449345099
9781449369781
9781449315054
9781449336370
9781449394592
9781449326326
9781118106884
9781449371630
9781449396268
00049
9781449345068
9781449345099
9781449369781
9781449315054
9781449336370
9781449394592
9781449326326
9781118106884
9781449371630
9781449396268
00049
9781449345068
9781449345099
9781449369781
9781449315054
9781449336370
9781449394592
9781449326326
9781118106884
9781449371630
9781449396268
00049
9781449345068
9781449345099
9781449369781
9781449315054
9781449336370
9781449394592
9781449326326
9781118106884
9781449371630
9781449396268
00049
9781449345068
9781449345099
9781449369781
9781449315054
9781449336370
9781449394592
9781449326326
9781118106884
9781449371630
9781449396268
00049
9781449345068
9781449345099
9781449369781
9781449315054
9781449336370
9781449394592
9781449326326
9781118106884
9781449371630
9781449396268
00049
9781449345068
9781449345099
9781449369781
9781449315054
9781449336370
9781449394592
9781449326326
9781118106884
9781449371630
9781449396268
00049
9781449345068
9781449345099
9781449369781
9781449315054
9781449336370
9781449394592
9781449326326
9781118106884
9781449371630
9781449396268
00049
9781449345068
9781449345099
9781449369781
9781449315054
9781449336370
9781449394592
9781449326326
9781118106884
9781449371630
9781449396268
00049
9781449345068
9781449345099
9781449369781
9781449315054
9781449336370
9781449394592
9781449326326
9781118106884
9781449371630
9781449396268
00049
9781449345068
9781449345099
9781449369781
9781449315054
9781449336370
9781449394592
9781449326326
9781118106884
9781449371630
9781449396268
00049
9781449345068
9781449345099
9781449369781
9781449315054
9781449336370
9781449394592
9781449326326