9781523095520
9780814410691
9781592537082
9781592537266
9781592533534
9781592535453
9781449373481
9781259863080
9780323264365
9781260117578
9780240812229
9780240807539
9780134786636
9781317531111
9781523094189
9781592533428
9781626569393
9780240815534
9781119071648
9781101032800
9780730330820
9781317406006
9780134134147
9780061983672
9780857194718
9780857192349
9780470512401
32562
32562
9781118898512
9781422163320
9780787998301
9780134173009
9781491920626
9781118556276
9781118583401
9780415976206
9781592536313
9781631590139
9781592530878
9781789537413
9781592537778
9781592537082
9781592537266
9781592533534
9781592535453
9780081000700
9781558608702
9780750650403
9780128002087
9781491920381
9781449373481
9781259863080
9781492035565
9780123540515
9780750681667
9780120885824
9780123694737
9780120884216
9780750678667
9781597497336
9780240824086
9780323264365
9780128009796
9781788830409
9780415656801
9780415817578
9780240817286
9780240522739
9780240823706
9781351382076
9781351606608
9780071804608
9781138022362
9780415710237
9781634623797
9781260117578
9781786462985
9781788999199
9780240522357
9780240812229
9780240811260
9780240810119
9780240807539
9780240810300
9780240809731
9780240810003
9780240803869
9780240519432
9780240520063
9780240519197
9781788479332
9781317408284
9781136087417
9780240522166
9781592535729
9781558603530
9781492036807
1560524308
9780691154534
9780134786636
9780240520735
9780134865218
9780240814674
9780240821009
9781317531111
9781315280394
9781523094189
9781592533428
9782940411580
9781592534913
9782940439478
9781788476607
9781788471640
9781788993609
9781628253764
9781680452266
9781787286436
9781626569393
9781626566194
9781317203070
9781491928363
9781491997376
9781317300724
9781439850466
9781119219033
9781351809245
9780240815534
9781680452327
9781491990001
9781631593031
9781633221376
9781482222210
9781491981382
9781491982037
9781491962213
9781491961377
9781491986615
9781491954072
9781440349041
9781119071648
9781787122888
9781317499459
9781101032800
9781465458070
9780321619624
9781465454102
9780730330820
9781317520801
9780323480666
0130897108
9780134094328
9781317406006
10000
9781259589768
9780133153217
9781785887871
9781491961919
9789814751483
9781582976501
9781497634237
0789732262
0131423436
30000
20267
9780134134147
9780061983672
9781491938201
9781457196416
9781939902245
9780857194718
9781491922828
9781607285441
9780857192349
9780470512401
32562
32562
32562
9781118898512
9781908003508
9781422163320
9780787998301
9780134173009
9781771374620
9780240515670
9781771373876
9781491920626
9781118973974
9781118556276
53863
9781856697217
9781771373463
9781784391621
750403
100000006
9781784393373
9781118583401
9780415896375
9780071849395
9780071837545
9780857084910
9781118992876
9781118958094
9781617291708
9780240810447
9781118861820
9781430249962
9781780673837
9781780675343
9781780675350
9781783553013
9780470779606
9780814434734
9780133563528
9781606499047
9781907794841
9780071839303
9789814346160
9780071804578
9781605092942
9781860584619
9780471772255
9780132654111
9781606490440
9781118358603
9781119994909
9780471556657
9781606490594
9781305108943
9781856697231
9781780670539
9781856698924
9781856697545
9781856698764
9781856697880
9781780670027
9781780673424
9781408134283
0321348974
9781590596012
9781598635829
9781598638639
9780768687576
9780240806020
9789814312028
9781856696548
9780240517063
9780240519210
0321375742
9780321549938
9781593577308
9780132655743
9781606501870
9781119992868
9781935504214
9780321679550
9781592536320
9781593577834
9780071782289
9781435456648
9780131375154
9781435459526
9780470575420
9780132476317
9781593578091
9781562867263
9780132142960
9781598639971
9781435455337
9781430239123
9780814433669
9781845698096
9780857095039
9780857091222
9780857092656
9781937134716
9780071775281
9781118005576
9781118160336
9781119977995
9780857081766
9781118036631
9780132749008
00320090103
9780132749152
00320090128
9781845696658
9781118310175
9781593578091
9781562867263
9780132142960
9781598639971
9781435455337
9780470521588
9781615640072
9781430239123
9780814433669
9781845698096
9780857095039
9780857091222
9780857092656
9781937134716
9780071775281
9780132696395
9781606490945
9780132763776
9781118005576
9781118160336
9781119977995
9780857081766
9781118036631
9780132749008
00320090103
9780132749152
00320090128
9781845696658
9781118310175
9789814408721
9789814382618
9781118478158
9780814416761
9780133040258
9781118171790
9780857090294
9781845697112
9780857094261
9780133822502
9780133434224
9781430239451
9780768685800
9780470613580
9780133039030
9780321684325
9781449305949
9780596156756
0596001274
9781847191526
0321336631
9781849511001
9781849693523
9781849693905
9781782168553
9781935182337
9780132684651
9781856695862
0321426770
9780857081780
9780132837422
9781907794223
9780240815015
5060112540035
9780071762861
9781449396183
9781435459724
9781118423998
9781592535781
9781118238189
9781605098111
9780321637031
9781856696180
9781856697637
9780787969943
0321348109
9781856696487
00320090137
9780321550255
00320090113
1936334852
9780132982870
9780240519708
9781605093017
00320090105
9780240809243
9781849517041
0321193857
9781118584583
9789814516747
9780133573374
9781606495926
9781118659960
9780071817646
9781908984197
9781449396206
01220110019
9780132735261
9780133086638
9780321683977
9781592536030
9780133409550
9780273777694
9781783280032
9781592579716
9781457102417
9781856697637
9780787969943
0321348109
9781856696487
00320090137
9780321550255
00320090113
1936334852
9780132982870
9780240519708
9781605093017
00320090105
9780240809243
9781849517041
0321193857
9781118584583
9789814516747
9780133573374
9781606495926
9781118659960
9780071817646
9781908984197
9781449396206
01220110019
9780132735261
9780133086638
9780321683977
9781592536030
9780133409550
9780273777694
9781783280032
9781592579716
9781457102417