9781119091257
9789353063757
9789353063948
9789353063740
9781491983867
9780714655284
9781439842225
9781439893753
9781439868935
9781439861660
9781498705783
9781466589322
9781466583603
9781439868010
9781439854181
9781420006285
9781466502871
9781351686396
9781466555716
9781420015485
9781466560673
9781315289878
9781315350110
9781856177757
9780415714594
9780415811910
9781439880685
9781439818152
9781933115634
9780415595568
9780750647236
9781439856451
9781439849019
9781439830871
9781439849545
9780415893169
9781439881552
9781439841617
9781420088397
9781439850657
9780419149507
9780750650472
9781439898079
9781856175753
9781492029496
9780273724636
9781439847756
9781592535484
9780125184069
9781483104256
0321304608
9781491962282
9781789532760
9781484234655
9781118350065
9781788998796
9781947083431
9781466560284
9781439818473
9781483140582
9780124086555
9780124186910
9781466598546
9780134177502
9781491978504
9781483102566
9780857097125
9780857095213
9780857094322
9781482207057
9780124103870
9781558607491
9781558608740
9781482247336
9781484236970
9781466564053
9781782420743
9781939902580
9780081000700
9780750699679
9780750699488
9780750698757
9780750652100
9780750696555
9780128003909
9781455731992
9780124080829
9781455778584
9780080993638
9781856177627
9781856177047
9780750685672
9780750683975
9780750680745
9780750654616
9780750677592
9780750670067
9780750652131
9780750678308
9780750651837
9780750699907
9780750657204
9780750650403
9781491953235
9781788478311
9781947083219
9781947083233
9781492042365
9780323355957
9780080971513
9781947083295
9781944749309
9780123748577
9780134787145
9781466592520
9781492030126
9781449357832
9781449368715
9781947083394
9780750674447
9781592538034
9781631591143
9781491989968
9781634623902
9781284106077
9781492029427
9780323299619
9780323313032
9780124104617
9780124077171
9780124095243
9780132885478
9780133887822
9781491978856
9781634623865
9780750678612
9780123797513
9781631579028
9781789345926
9783110455472
9780691149219
9781856177504
9780133388343
9781119383505
9780750674034
9780750636346
9780750641661
9781558606746
9780750650489
9780750655552
9780750665087
9780750680394
9780750658553
9780750657983
9781558609259
9780123741967
9781856175302
9780750668262
9781856175265
9780750682107
9781856176217
9780123724984
9780750689601
9780123749574
9780123786074
9780123743015
9781856179638
9781856177061
9780123750938
9781597495967
9781558606234
9780750687096
9780750678735
9780750678667
9780123735911
9780750689748
9780750685184
9781856175289
9781856175272
9781856175296
9780080966403
9780123884268
9780123910639
9781856178709
9780123860019
9781856176033
9780080977683
9780123865359
9780124077683
9780124159174
9780080983325
9780080966380
9780124080805
9780323310161
9780857094346
9780124166196
9780128006306
9780080977867
9781597497428
9780128005729
9780124077812
9781845697853
9781782422655
9780080999241
9780857093479
9780124114654
9780080993690
9780123985323
9780080993881
9780857098030
9780124104068
9780857094582
9780857098023
9780323264365
9780124046160
9780123969774
9780080999982
9780857095015
9780123822079
9780124200913
9780124167391
9780123838605
9780124200043
9780128001301
9781455731466
9781782420286
9781782423065
9780857096944
9781455777532
9780323241427
9780123869685
9780124047334
9780123970428
9780323299640
9780080994451
9780080999876
9780444633620
9780081000366
9780128009703
9780128002025
9780124200036
9780124114678
9780128000748
9780081001615
9780124172951
9780128015070
9780080999340
9780123970411
9781782422211
9780128020456
9780128009796
9780934613125
9780750616836
9780081019450
9780444637208
9780750646376
9780128002742
9780857095985
9780128000106
9780124079090
9781856175586
9780750685801
9781878707550
9780750686112
9781597492379
9780123742742
9780750681643
9780750685344
9780750667555
9780750633550
9780750672917
9781558607378
9780750681124
9780122060939
9780750673518
9780415663243
9780240821078
9780240820514
9781317394198
9780415733380
9781947083271
9781119004257
9781484235041
9781119063810
9781351741460
9781786300942
9781119426134
9781119410140
9781119962298
9781119003823
9781118974452
9783527340224
9781118611791
9780470672358
9781119252597
9781119377771
9780470405482
9781118970560
9781786301208
9781786301192
9783527340880
9781119293972
9781118924594
9781848219212
9781118846766
9781118928776
9780750657273
9780470092316
9780134512228
9783110524239
9783110524284
9783110524222
9780124114791
9781788299039
9781351190619
9781558607125
9781492025955
9781558608610
9780750676168
9781606505410
9780128012567
9780134675640
9781498788083
9781498760249
9781498782517
9783110408546
9781482229417
9781607285618
9780134688251
9781947083257
9780080999715
9780128034460
9780123706164
9781788994699
9783110468502
9781501510427
9780805814675
9780857098061
9780080999203
9780419157809
9780240819150
9780240814773
9780240812670
9780240812656
9780240812298
9780240807850
9780240809083
9780240809274
9780240807904
9780240808581
9780240806617
9780240806419
9780240806310
9780240802329
9780240802909
9780240804859
9780240805894
9780240805276
9780240520445
9780240516622
9780240516547
9780240516349
9780240516677
9780240515786
9780240515069
9780240515885
9781614519805
9783110397888
9781614518976
9780134507569
9781317704256
9780123869913
9781787287600
9780124201453
53863
9780134852751
9780120885251
9780750685245
9780128008522
9780124171312
9781439855140
9781782423058
9780128009406
9781501507205
9781788992213
9781608459834
9789352861804
9780691153469
9781400837953
9789332579170
9780071772884
9780071741682
9780071763967
9780071799683
9780071623025
9780071770194
9780071639590
9780071770569
9780071841030
9780071750356
9780071663472
9781492030843
9781947083059
9781567264692
9781567263725
9781351736633
9780240807515
9780419209805
9780240818467
9780134580869
9780123850850
9780123847461
9780857092120
9780128009390
9780124079137
9780120885749
9780080999852
9780123985125
9780127999494
9780128002513
9781484232736
9781788998055
9781788998130
9780240821009
9781945612831
9781606506844
9781606509463
9781119168966
9781501506727
9780691042770
9781482257458
9780763790615
9781449606046
9781492030331
9780128019573
9781947083073
1565922255
9780081009031
9780081025062
9780857095237
9781788999847
9781498724449
9781788479448
9780123838445
9781482226522
9781631594458
9781788993692
9780750683081
9780123852519
9781492030942
9780134663906
9780133373721
9780132808057
9783110498028
9781498777872
9781484205594
9780132788489
9780132762489
9781492030164
9780134181592
9781491925935
9780240811932
9781492029670
100000006
9781466575349
9781439845479
9781482234312
9781491985335
9781491999646
9781317210153
9781491999585
9781484220993
9789352861811
9789332579118
9781606496572
9789332578920
9780081004012
9789332579163
9781491978221
9781782422198
9781606495018
9781606504772
9781606495377
9780857094872
9781782423478
9780128017494
9789332558298
9781606504857
9780081002384
9780081001813
9780081001387
9789332578937
9781945612510
9781782422648
9781439855089
9781439867273
9781426006098
9781119386780
9781484228456
9781606508947
9781945612794
9781788398435
9781849517942
9781787127852
9780134680767
9781491944233
9781466573598
9781783987665
9781482251586
9781466557338
9781945612398
9780081010372
9781788296878
9781614519669
9781317396291
9781466560611
9781439895627
9781466506718
9781466510524
9781491929117
9781482206050
9781788391528
9781439850466
9781119226390
9781119386728
9781491989517
9781782423980
9780128003824
9780128016671
9780128036303
9780123972835
9781439875919
9781466555594
9780124104846
9780080560137
9781484203101
9781317343486
9780128114544
9781317508298
9781449688394
9780134712956
9780128047699
9780128020647
9780081012338
9780081004562
9780080983448
9780128032152
9781455731534
9780128040553
9780128038789
9781491990711
9780128035801
9781782423997
9780128009888
9781782420378
9780128043691
9780128017555
9780128042632
9780128115480
9780081012260
9780128094297
9780128092323
9781484210079
9780128019962
9780323430197
9781119227373
9781119320937
9781430259909
9781430244646
9780240812731
9783110436181
9780240519739
9781119132325
9781118928684
9781119152439
100000006
9781592337323
9781351606455
9781351835374
9781491987025
9783110396782
9780415812672
9780128096123
9780128025949
9780323461481
9780128128541
9780128116425
9780081019412
9780128038758
9780081019184
9780081007068
9780081006696
9780081006412
9780128112137
9780128126691
9780128095645
9780134431871
9781118308400
9781119047827
9781118753651
9781118492123
9781119077954
9781786300140
9781119386797
9781848218536
9781119370277
53863
9781491986080
9780132735568
9781491978399
9781119187134
9781491986653
9781491986042
9780132901437
9781118868072
9781119336150
9781119258926
9781119091806
9780128034934
9781492020219
9781945612138
9781631577321
9781439866009
9789332558366
9789332558380
9789332558311
9789332558267
9789332558250
9789332541092
9789332558243
9789332558229
9789332558205
9780081008003
9780323431767
9780128042380
9789332515116
9781317496878
9781945612411
9781284077254
9780132693158
9781608457137
9780133812237
9780133038149
9780133443714
9781439865521
9781484208779
9781317343936
9781351848268
9781627052351
9781771370899
9781455731510
9780323524667
9781606509845
9781606509067
9781315405643
9780470915660
9781786301260
9781945612190
9781945612053
9781945612176
9781945612152
9780133416169
9780470666029
9780128032787
9780124199767
9780124186675
9780128023495
9780128008157
9781848213319
9781118581575
9781945612350
9781606507025
9781118910092
9783527341184
9781119235866
9781119116462
9781119237532
9781118379998
9781119285984
9781119074175
9780123947925
9780080971360
9781317292807
9780128053393
9780128026328
9781606500132
9780857094865
9780128099117
9780128044834
9780128110966
9780128033562
9780323480666
9780128050491
9781466552975
9781439856376
9781482218947
9781491965962
9780128118849
9780128038215
9780128498620
9780323497831
9780128123140
9780128051740
9780124055117
9780128115350
9781439888124
9780128021132
9780081001851
9781606509104
9781606508145
9780134507705
9781634621786
9780128045503
9781945612534
9780763751777
9780134507620
9780134189857
9780134594064
9780128104439
9780128052716
750106
758905
759706
759808
9781631575693
9780134507682
9780415717526
9780132181013
9781484201541
9781484203460
9781484202890
9780081008973
9781284079647
9781606509944
9781606504352
9781491965092
9783527336746
9781848219045
9781606508886
9780080970547
9780128051337
9781786300010
9781119243304
9781119255796
9781848219359
9781119240006
9781119240051
9781119243335
9780470402351
0321228758
078972149
9781491965078
9781317541042
9781491965177
9781491972540
9780128042618
9781491938508
9780134393193
9780123743701
9781491958438
9781618660466
9780134584577
9780134584591
9780134580685
9781118443415
9781848218420
9781118894781
9781848219144
9781118798812
9781491961766
9781606507667
9781491961780
9781491959121
9781439884966
9781420071986
9781491932605
9781491954911
9781118798881
9781317216414
9781491958414
9781491957431
9780763771447
9781771372466
9781771375849
9780080530260
9781771375757
9781118324561
157870166
0735711488
0131855220
0131828290
0131413090
9781439865965
013101367
0130338575
9788177585674
9788131716816
9781584505815
0133536408
0130938106
9781457198847
9781482282467
9781606505335
9780738441405
9780123978042
9781771376013
9781317911081
9781491957981
9781491957868
9781439869765
9781119059806
9781771375665
9781606508381
9788131759905
9788131758694
073849660
9781491950487
9781118820032
9781606507087
9781598220445
9780123838360
9780750661232
9781771375597
9781606505854
9781118554937
9781136024573
9781771373883
9781606508626
9781771375092
2235376131001
9781771375535
9781771374088
9781771375504
9781771374613
9781771374705
9788131732113
9781785889837
9781119059554
9781771375313
9781449325480
9781771374217
9781604277616
9780123742681
9781119025429
9783527337569
9781119059189
9781119059370
9781119059745
9781119059530
9781119059592
9781771375207
9781457196416
9781119044611
9781119046776
9781119044833
9781771374477
9781118954133
9781118954638
9780080519555
9781118406274
9781118798935
9781119059561
9781119068594
9781606506622
9781606505090
9780128025895
9781771375139
9781771374927
9781118629864
9780470018491
9781118798904
9780134213293
9781771374316
9781771374842
9781592004775
32562
9781457187070
9781118501740
9781118866559
9781118893654
9781771373937
9781457190001
9781606502396
9781606502334
9781606503003
9781606500095
9781118141809
9781771374453
9781771374620
9781771374309
9781118792940
9781771374293
9780470866887
9781771374170
9781118931943
9781849697620
9781860582813
9780080949499
9780127999685
9781771373920
9781771374576
9781606506868
15614
9781118099513
9780080916613
9789332524569
9788131785935
9788131726716
9781606506738
9781780673936
9780470936443
9781780677262
9781771374064
9780080529721
9781771373647
9781771374262
9781771374408
9781771373890
9781771374415
9781771374279
9781118871393
9781606505823
9781771374057
9781118992173
9780134271026
9780134271064
9780134270999
9781119058502
9781606505045
9780134271071
9780134271002
9780134271033
9781606506493
9780134271040
9781771373654
9781118960295
9781771373708
9781771374033
9781118969175
9780134271019
9781771373968
9781856697217
9781118984512
9781118999578
9781118871065
9781118960530
9789332511217
9789332503410
9789332503601
9789332503649
9789332515147
9788131775073
9789332503632
9789332512092
9789332508187
9789332515123
9781783287659
9781118911136
9781771373616
9781118846834
9781491908181
9781771373562
9781771373456
9781118837139
9781118814864
9781118806760
9781118790519
9781118756089
9781118649121
9781118596296
9781118579596
9781118683446
9781118703175
9781118636374
9781118649206
9781771371247
9781771371193
9781771371285
9781771371087
9781771371353
9781771372428
9781118403105
9781118762905
9781118766842
9781118749838
9783527646524
9781771371124
9781771370875
9781771370400
9781771370912
9781771370943
9781771370509
9781771373234
9781118969304
9781118986769
9781771373357
9781771373319
9781771373272
9781771371711
9781771373333
9781771371254
9781771372619
9780128021613
9781771370882
9781771373289
9781926873886
9781118914540
9781118844342
9781118659236
9781118760468
9781118694022
9781118313558
1936334755
9781771371414
9781771371445
9781771371506
9781771372268
9781771370776
9781771370677
9781771372558
9781771372749
9781771372725
9781771372596
9781771372718
9781606504529
9781771372503
9781484203163
9781484203491
9781771372497
9781771372695
9781771373074
9781771373128
9781771370301
9781771373111
9781771373098
9781771372602
9781771373258
9781771372855
9781771373067
9781771372756
9781771372954
9781771372305
9781771372640
0738435341
9781771371773
9781771372893
9781771373135
9781771372657
9781118145258
9781484203439
9781771372886
9781771371728
9781484208472
9780134095301
9781771373036
9781771370240
9781771370431
9781771370479
9781771370424
9781771370448
9789332540583
9781780675367
9781780673646
9781780673837
9781780675343
9781780676517
9781780676494
9781780676500
9789332537484
9789332540750
9780133967241
9781849699716
9781118539712
9789332524590
9789332524392
9781484203071
9781484202920
9789332528567
9780471297062
9789332514850
9781849699358
9789332524514
9789332524415
9780444511041
9780123694683
9780123850386
9781771371896
9781491945308
9781771372992
9781771372541
9781606504864
9781771371629
9780137149971
9781606504789
9780071818469
9780123704979
9781491917640
9781783985166
9781449314439
9780750677660
9781771371575
9781771371865
9781771371407
9780123965028
9781118863015
9781118867709
9781118862230
9781118862223
9781118861981
9781118871324
9781118862391
9781118862629
9781118796306
9780415631402
9781783984244
9781118822647
9781118551851
9781771372299
9781118541029
9781606496107
9781604277265
9781771372275
9781771371698
9781771371919
9781771372336
9781771371759
9781771372053
9781771372039
9781771371643
9781771371797
9789332524118
9789332524064
9781118324585
9781771372367
9780123850812
9780133155648
9781771372220
9781465419538
9780470062043
9780470863350
9781118210345
9780470060704
9780815515791
9781576751787
9780470092828
9780471450221
9780470024119
9780470510827
9780471464822
9781856177436
9781606501245
9780470461884
9781606500477
9780750689878
9781598291742
9780471772552
9781562866006
9780470017692
9780471856412
9780471183730
9780471259756
9781905209316
9780471520191
9780470866917
9781562864705
9780470867709
9780470858400
9781848210196
9781562866044
9780470180921
9781848210448
9780470519073
9780470027387
9780470517086
9788177583649
9780470870082
9781597492720
9780470511664
9780471791478
9781576755358
9789332503458
9780470030363
9780471241867
9789332503380
9781562864323
9780470723487
9780470424353
9781905209743
9780470090138
9781905209453
9780750685634
9780815515739
9781905209132
9781848210226
9781118600092
9781606500002
9788131724958
9780470183113
9781848210288
9780471152439
9780471556657
9780470089965
9780750685610
9780470131541
9780470380314
9780471486435
9789332503397
9780471197737
9780471704492
9780470048238
9781118437919
9780750680028
9781848210110
9781780672823
9780471738411
9781856698146
9788131755914
9781771372152
9781771371452
9781780672946
9781780670539
9781856696869
9781491900741
9789332524248
9781771372329
9781771372435
9781771372398
9781856698917
9781856697491
9789332503489
9781780670027
9781780672939
9781780670553
9781780673424
9781118330708
9781118393956
9781118269770
9781606504314
9781606504390
9781897177792
9788131721353
9781118342657
9780471249061
9780123884367
9788131724644
9789332514829
9781118852477
9781783558414
9780470481691
9780768686050
9780470447222
9781118211007
9780470997857
9781598638813
9780470521410
9780470034774
9780470481523
9780470260982
9788131796290
9780470080139
9780321672865
9788131706770
9780470537268
9780471429760
9780470433454
9780471274476
9780321449467
9780321455017
9780470456491
9780470292297
9780471662952
9781606501337
9780470402344
9781897177778
9780470438671
9780470229774
9780470109939
9780470824108
9780470473559
9781593577322
9780080447308
9781593576547
9780470846100
9780470478301
9780768683622
9780240804620
9781897177563
9780471687832
9780240808574
9780471745327
9780470288559
9781118725764
9780470438688
9780470466032
9780470243787
9780240516929
9781905209323
9781118035054
9781606501870
9781119992653
9781606501818
9781606500538
9780815515456
9781606500972
9781606501849
9781606501733
9780470884188
9780470521564
9780123749963
9781118016800
9781118016794
9780470602164
9788131729885
9781606501061
9780470248775
9780815515944
9781606500415
9780470027882
9781606502006
9781118002759
9781118002124
9780470592304
9780123821027
9781606500507
9781606500736
9781118124475
9781606501948
9781606501030
9781118117804
9780470828496
9780470228548
9780470195369
9780470610114
9781118097816
9781606501917
9781606502129
9780470934654
9780123735744
9780470767856
9781118003169
9780470563854
9781606500446
9780470890998
9780470649718
9781606502068
9780470626375
9780470741832
9780470505434
9781606501092
9781119957317
9781118074398
9780470433744
9781118031780
9781118586570
9781118617373
9781118620670
9780470407752
9781118601488
9781118619551
9781118619780
9781606502105
9781118620663
9781118622643
9781118586242
9781606501306
9781118619742
9788131758885
9781118587614
9789332515680
9789332515611
9788131774977
9789332515673
9789332503472
9781856179218
9789332503342
9780470542958
9789332511224
9780240515281
9780121197926
9781856177528
9781855739468
9781907568046
9781845698096
9780857095442
9781845697723
9781845699697
9781845695156
9781845691851
9781845697426
9781845697952
9781845695262
9781843347385
9781845695378
9781845695781
9781845695514
9781845697617
9780857090126
9780857091222
9781118863442
9780857090935
9780857090997
9780857092656
9780857091147
9781118841792
9780133812220
9780133548563
9781118016770
9781118616956
9780470824467
9780470643365
9781118063989
9781437778175
9781118601730
9781118029961
9781118016824
9780123852144
9780470945063
9781118015483
9781118016787
9780470826331
9781118006788
9781119972723
9781437734713
9781119991366
9780470937495
9781118601143
9781118152997
9780815515821
9781118016831
9781608458196
9781118002766
9781455778621
9781118116098
9781926873497
9780981317069
9781926873558
9781618660671
9781845696658
9781118863022
9781118862964
9781118572054
9781783550074
9781618660305
9781618660572
9781606503324
9781118586563
9781118315316
9781118330432
9781118316191
9781118452936
9781118563083
9781118461365
9781119967842
9781118060056
9781119993674
9781118460634
9780470710265
9780470828236
9781119969075
9780124159075
9781118337042
9781118406359
9780470661246
9781119942641
9780123970367
9781118273661
9789332515604
9781118349571
9781118381731
9780470609699
9781118188064
9781119945840
9781119941651
9788131760802
9781118361030
9781119940302
9781118243206
9781118392669
9781118239995
9781119967514
9781118330012
9781608458820
9781455778911
9781118243046
9781118588185
9781119942108
9780470517246
9780470688694
9788131761267
9788131769737
9781118197974
9781606503126
9789332515703
9781606502426
9781606502457
9780123970374
9781606500590
9781606503638
9781606503157
9780080970165
9780123877109
9781118614198
9781845698102
9780857092311
9781845698010
9780857090270
9781845699406
9781845699369
9781845699727
9781845699895
9781845699291
9781845697501
9780857091512
9780857091505
9780857090133
9780857090782
9780857090591
9780857090362
9780857090263
9780857090461
9780471647355
9781845697839
9781845697112
9780857094667
9780857091314
9780857094261
9780857091543
9781907568411
9781907568275
9781845697846
9781782421672
9780857092366
9780857092649
9780857094629
9780857092342
9781771372169
9781430265771
9780133812565
9781118754023
9781606506271
9781606506332
9781118787397
9780470030097
9780123748836
9780123743794
9780471418467
9780123869814
9780123747167
9780123757173
9780470068526
9781118063330
9781118011034
9781118330456
9781118174081
9781118121092
9781593573836
9780123735874
9780470900550
9781118468647
9781856697088
9780470688472
9781118029312
9780071438308
9781118211588
9780470633229
9780125249751
9781118213339
9781118104354
9781119964094
9780764574818
9780470041901
9788131755921
9788131760901
9781118173077
9780470873779
9780470823422
9780471694663
9781118024409
9780471318576
9780470952887
9781118211151
9781118010976
9789332503519
9781118178058
9780470936863
9780470074688
9780470888445
9780470882870
9780470278000
9780470192351
9781933952819
9781449691998
9780123943989
9780124052123
9781604276749
9780471547952
9780470195178
9781593577780
9780137036455
0596008562
9780137047833
0201729156
9780132442732
9780132442534
9780132442503
9780137153602
9780132442435
9780132442718
9780768685909
9780132442176
0131089897
0130093653
0130449113
013028078
9780132442749
9780132442510
9780131357945
9780132442206
9780132441919
9780136152064
9780137079841
9780132442312
9780132442428
9780137035069
9780132442305
9780132209106
9780132442459
9780132442466
9780132441940
9780132442497
0130669466
013065647
0321118847
013141884
9780137051724
9780132827058
9780132598804
9780132442152
9781847199461
9780133132922
0321160762
0130656461
0130474150
9781782171386
9781849696043
9781783559527
9780137033812
9781783289677
9780132442336
9780137006281
9780132485210
9780132317191
9780132441889
9780131482043
9781782168850
9780273786337
9780137010066
9780133038446
9780132851824
9780132429610
9780135072912
9780132596947
9780132365048
9780132442473
9780132442275
0131433474
9780132442268
0321117425
9781849693226
9780132442138
9780132757256
9780132756563
9780132442107
9780132441926
9780132442329
9780137039975
9781118407462
9781118807682
9781606503034
9781118602812
9781856696586
9780471731887
9780470398364
9781606500774
9780240807898
9780735642102
9781118588017
9781118600535
9781118599860
9781118614006
9781118616628
9781118614471
9781118616918
9781118601723
9781118613641
9781118588192
9780470608234
9780470665992
9781118385982
9781118310038
9780071741248
9780470120491
9780470436400
9780470471913
9781118330524
9780470381304
9781593576615
9781856696708
9780470554814
9781118108376
9781118330715
9781118078884
9789332501454
9780470258231
9781118255940
9781926873695
9781771370158
00320090086
9780132168038
00320090139
00320090114
9780470626962
9781856696227
9780470258255
01220110052
1936334887
9781926873138
9781926873657
9781118281741
00320090134
9781926873749
9781582979984
9780132168090
01220110010
9780240521770
9780132168052
9781926873442
00320090105
00320090135
9781849693165
9781926873015
9780321602602
9781926873329
00320090087
9781593577803
9781593577704
9781771370189
01220110009
9781926873893
9781926873480
9781118569788
9781118115398
9781606505960
9781118156322
9781118521304
9781606506189
9781118444917
9781118481868
9781118508398
9780133353549
9780124170490
9780124077119
9780123973085
9780124017450
9780124046092
9780124095014
9780123972699
9780123970244
9780080969213
9780080993607
9781606503676
9780133488562
9780133365924
9780124201620
9781455731923
9781782160243
9781118475669
9781118400708
9780133488340
9781118542743
9781849688420
9781118575086
9780071621274
9781118757574
9781118534816
9780133374544
9781118568439
9781118750254
9781118481790
9781118755730
9780071801508
9781118481912
9780444632340
9781118651957
9781606504277
9781118421314
9781118758281
9781118757468
9780240516851
9780133153156
9780415495059
9781118758175
9781118757710
9780071700795
9781118415412
9781118536940
9781783283958
9781849699372
9780080983561
9780124115972
9780124045743
9780124104921
9780123965004
9780123965011
9781612906829
9781849697200
9781118300275
9781118603819
9781771371155
9780133041200
9781771370257
9781771370073
9781771371360
9781926873046
9781771370035
01220110046
00320090131
9781771370134
9780132168106
9781926873879
9781926873121
9781926873145
9781771371162
5060112540042
9781771370103
9781926873428
00014
9781926873299
9781771370684
9781771370738
9781926873633
9781926873282
821249999289
9781771370165
9781926873787
9780470008744
9780133430356
9780132764179
9788131754566
9780137028450
9780470880913
9781449379827
9780123852076
9788131760925
9781782166726
9780273742401
9781118037423
9780123944245
9781118515150
9781119990253
9780124166295
9780132618724
9780124171077
9781449355661
9781118093474
0596007558
0735618798
9780321563088
9780080920061
9780470031469
0321427610
9780120887859
9781590596173
9781430224891
9780471687238
9781430227489
9780071744324
9781771371179
9781449336370
9780470053041
9780124166295
9780132618724
9780124171077
9781449355661
9781118093474
0596007558
0735618798
9780321563088
9780080920061
9780470031469
0321427610
9780120887859
9781590596173
9781430224891
9780471687238
9781430227489
9780071744324
9781771371179
9781449336370
9780470053041