9781466595354
9781634624183
9781317162605
9780415964982
9780415887595
9781598220544
9781484236734
9781482216622
9781439867761
9781789537413
9781786465436
9781484237458
9781788990547
9781634624053
9781634624077
9781934015407
9780134873329
9781788396233
9781788831505
9781789138139
53863
9781789537086
9781466508705
9781482203882
9781482252316
9781498706254
9781492032472
9781492032458
9781484233573
9781491999561
9781118968284
9780123744234
9781558604674
9781484234921
9781466581401
9781788472463
9781634623971
9781788478809
9780134998909
9781449318468
9781449338015
9780596155124
9780596805708
9781449307950
0596005555
0596009178
9781449363208
9781449309664
9781634623964
9781592337583
9781939924834
9781787121799
9781634623896
9781787125520
9781788399999
9781789343755
9781789349122
9781492025979
9781492026013
9781785883910
9781509306916
9780133435726
9781492039723
9781597496230
9780444537669
9780128007259
9780080571157
9780415823838
9780415856003
9781138798731
9781138828421
9780415732505
9780415812290
9781138014091
9780415729178
9780415706704
9781789135091
9781788830102
9781118231258
9781118877197
9781449361037
9781492030034
9780240811475
9781788477901
9781786462985
9781788999199
9781492031369
9781492065401
9781492030058
9780134835204
9781788474153
9780134659909
9781786469397
9781578202140
9780240818818
9780240817262
9780240817170
9780240815824
9780240812854
9780240811468
9780240810713
9780240808956
9780240807881
9780240813431
9781788479332
9781317804895
9781786460271
9780240810706
9781788628778
9781788479035
9781484233245
9781492029762
9781788478922
9781788394529
9781400851348
9780071643535
9781491944738
9781788993463
9781788993296
9780134034355
9781787288713
9781627052559
9781788392365
9781788399746
9781492028956
9780134668185
9781484219676
9781492029779
9781788479837
9781788476539
9781787283725
9781466585416
9781786467294
9781466598645
9781788297226
9781523082780
9781787286436
100000006
9781484225837
9781484226445
9781430218173
9781491985250
01120100016
9781584506867
9781598635188
9781484210406
9781787126268
9781787123113
9781849691260
9781849691888
9781849692304
9781787120921
9781788395618
9781788292818
9781786463333
9781491998304
9781782167341
9781849518987
9781849694186
9781849694568
9781849695060
9781849695565
9781788292498
9781783980383
9781783985265
9781783988556
9781784394905
9781784399801
9781785281853
9781785286018
9781849515504
9781466560017
9781782175636
9781786469885
9781787122819
9780240812717
9781788297394
9780240811796
9781787289376
9781786467645
9783110399219
9781787286450
9781317503804
9781484221228
9781788297806
9781788292252
9781317514688
9781317622710
9781491976289
9781482254792
9781788470278
9781788294744
9781787285934
9781783550777
9781788298551
9781786460783
9781430244165
9781430241867
9781787120945
9781788297431
9781786463111
9781787127838
9780123744470
9781787289673
9781786462329
9781491980040
9780730344810
9781491970317
9781119168478
9781788296779
9781788394116
9781787289895
9781787123663
9781787285279
9781491962213
9781788291156
9781788293167
20176
9781785285844
9781786460264
9781562867720
9781787128606
9781491969854
9781466586529
9781440348297
9781785880742
9781788299428
9781784397173
9781849691444
9781786461155
9781785880605
9781787280397
9781787286948
9781787125513
9781787120884
9781787122888
9781317607700
9781787282094
9781787284128
9781786468000
9781787127272
9781786468376
9781556220784
9780123747310
9781466598201
9781482217179
9781786463487
9781491969816
9781491978962
9781491969793
9781491969830
9781786463234
9781786464439
9781491913475
9781787289604
9781491969878
9781491969779
9781598220650
9781491969755
53863
9781484217818
9781484217245
9781786460868
9781785885549
9781786463456
9781785285004
9781351859769
9781786460301
9781783553679
9781784393106
758911
156286405
758411
759106
0201767910
9781430262305
9781491970492
9781491973912
9781466573192
9781787123281
9781785286346
100000006
9781785288418
9780134389110
9781783286676
9781785885532
9781492017462
9781785883569
9780814413135
9781491962350
9781786468918
9781785882722
9781785883118
9780134392233
9780134303116
9780134423678
9781785287596
9781783553570
9781785888380
9781784393120
9781598633894
1592730019
30000
0735714134
0672325969
9781598635669
9781598638431
9781584505600
9780787977351
9781598634655
9781598632873
9781584505594
9781584506843
9781598633429
9781598632910
0131460994
9781583470558
0672326612
9781784398156
9781785285240
9781784391966
9781785886713
9781784393236
9781598220537
9781785287473
9781782168874
9781785289781
9781785887338
20250
20269
20277
20178
20341
20274
9781449688097
9781606493625
9781484215005
9781484214947
9781484217931
9781784399849
9781785883026
9780134272115
9781784397777
9781783554355
9781785287343
9781785885822
9781785887963
9781783982066
9781317679455
9781317625506
9780134394657
9781466594005
9781491938201
100000006
9781785282140
9781785289361
9780134465586
9781484209523
9781317802938
9781784398163
9781783284757
9781782174806
9781784391430
9781785884580
9781119050049
9781484210949
9781784391362
9781785288272
9781849696364
9781771374781
9783943075571
9781785281440
9781784399870
9781785284694
9780134275772
9781784399191
9781422155134
9781617292194
9781617292323
9780470496664
100000006
9781491913338
71041
9780672329647
9781484205037
9781785280122
9781785287770
9781782174813
067232461
9781785282843
9780134180977
9781491934531
9781317536031
9781118537169
9781118968246
9781317661627
9781785283109
9781784398316
9781784398477
9781785288852
9781784394691
9781784399450
9781784396718
9781491918883
9780730307662
9781783559343
9780470261286
100000006
9781784398255
9781784396121
9781457189876
9781784390655
9781783287376
9781449339791
9781118855454
9781491913345
9780133439571
9781430263371
9781784397715
9781784397326
9781783553594
9780133518320
9781783553617
9781784391973
9781783987887
9781491916933
9781771373425
9781783554775
9781784390327
9780134095714
9781784390075
9781680500523
9780134121048
9781783552979
9781784397678
9781784399290
9781783553556
9781783553631
9780134078045
9780133523416
9781484207840
9780133812480
9780134049687
9781484202623
9781484208144
9781305501829
9780735639935
9781771373029
9781783553655
9780134095769
9780133903218
9780134095394
9780134095271
9780134095363
9781849695602
9781849699396
9781783987863
9781783287291
9781783553693
9781430266976
9780133812596
9780321685377
9780133563528
9780133892178
9781783988266
9781941222744
9781783985968
9781941222430
9781584505235
9781118852101
9781849697347
9781783559046
9781430265870
9781783286478
9781783283712
9781849695589
9781430264408
9781430267782
9781430264583
9781849695466
9781849698061
9781782161509
9781782160144
9781430218616
9781562864514
9781562864613
9780137151721
9781576757987
9780943210445
9781562865221
9780768688900
9780943210384
9781849691826
9781305110540
9781305258952
9781305109919
9781430267003
9781305074705
9781783559909
9781849690409
9781849691802
9781430267461
9781849694100
9780133564280
9781849697224
0735714096
9781906465537
9780321679444
9781584506706
0131424815
0131018167
0321464362
9780321489807
9781584506683
9781584505167
9781598638820
9780321510112
9781598295931
9781584505570
9781576757932
9780768689341
9781584505587
9780240519418
9780768683783
9781435454385
9781430238133
9781584505372
9781118089309
9781435458444
9780470922446
9781598634358
9780470524039
9780470631492
9781430233039
9781593272586
9780137038206
9780132790451
9781430235279
9781435455061
9781430228264
9781435456426
9781430233831
9781598638516
9781430234227
9781843346418
9781783551453
9781849696180
9781618660121
9781783559442
9781133728023
9781430240358
9781430243564
9781435457447
9781118416464
9780133107425
9781435461048
9780133812565
9780133812503
9781449369644
9781305110380
9781783550258
9781783558766
9781584505273
9781598635270
9781584506713
9781435458109
9781598639988
30000
9781592009633
9781435458482
9781118421444
9781430238195
9781590596159
9781118159279
9781435461161
9781435460188
9781430225997
0131020099
9781430239789
9780240819334
0596529910
0596007140
9780596514846
0596100590
9780596154905
9781449306359
9781449309343
9781849692403
9781849691925
9781847198181
9781849512725
0321460723
9781849690522
9781849692205
9780321545404
9781849512923
9781847196606
0672323427
9781849514002
9781849693509
9781849693363
9780132620185
9781849692502
9781849691123
9781849513166
9781849690041
9781849692007
9781849516600
9781849692038
9781849687089
9781849691901
9781849517027
9781849519007
9781849691567
9781849691062
9781849691987
9781783559701
9780321699565
9781849692984
9781783289837
9781849698146
9781849697446
9781849697941
9781849696708
9781849695909
9781849697903
9781849692014
9781849698108
9781849692328
9781782167389
9781783983544
9781783558667
9781849697569
9781783980260
9781849695886
9781849692564
9781430263401
9781849693424
9781783283613
9780133812558
9780132143400
9780133155181
9781118060100
9780735659841
9780735644007
9780470262009
9781849691345
9780240810614
9781782168539
9781849698429
9781849695268
9781849690263
9780133119671
9781849695923
9780133260625
9781783551576
9780133812633
9781849697460
9780133812572
9781292000954
9781430249054
9781292000992
9781782165064
9781849699099
9781849695800
9781849696784
9781849693547
9781782162865
9781849696845
9781849696029
9781849699815
9781849695961
9780133411263
9781118533895
9781430248996
9781292000961
9781782166047
9781783559060
9781430266044
9780133463200
9780133812671
9780133812626
9781449370794
9781849696142
01220110049
9780133521931
9780133541618
9781449397210
9781849690669
9780132180863
9781849691840
9781119940531
9781849696821
9781849695084
9781849695848
9781849694803
9781430247432
9781118296011
9781849693400
9780133362688
9781118074763
9781118237717
9781849516464
9780133480481
9781849696586
1592730051
1592730078
9780768689006
9781435458956
9781435454279
9781849690546
9781849695305
9781849697408
9781849696326
9781849696128
9781849695701
9781849695688
9781771371292
9781430248750
9781430247166
9781430247104
9781430250685
9781771371018
9780133386226
9781771371063
9781457102608
9781449312886
9781849690423
9781457185120
9780133381016
9781118107324
9781435458864
9781435455566
9780133358711
9780132685108
9781435457331
9780470688670
9781584507024
9781435456587
9780132946728
9781449331207
9781593272814
9781430247104
9781430250685
9781771371018
9780133386226
9781771371063
9781457102608
9781449312886
9781849690423
9781457185120
9780133381016
9781118107324
9781435458864
9781435455566
9780133358711
9780132685108
9781435457331
9780470688670
9781584507024
9781435456587
9780132946728
9781449331207
9781593272814