9781484223161
9780596514808
9781615645121
9781680450781
9780124104143
9781119418825
9781119242291
9780071778237
9780071762373
9781259644269
9781786469168
9781680452891
9781680454574
9781680454437
9781680453348
9781787288409
9781680453362
9781492019169
9780134122847
9781680450057
9781680452907
9781680451702
9781680451764
9781848219359
9781457189661
9781680451047
9781680451283
9781491961971
9781457194115
9781680452181
9781457189456
9781457189401
9781484217931
2235601894001
9780134031330
9781457187582
9781439893029
9781484237090
9781789341799
9781615645121
9781788832687
9780750647045
9780750645553
9780134756936
9781492042433
9781788995061
9781680450781
9781492042822
9781449314668
9781788838399
9781788830652
9781788622615
9780124104143
9781786301512
9781119377771
9781119418825
9781119242291
9781787289246
9780240812458
9780240807546
9780134854632
9781788470599
9780071778237
9780071762373
9781259644269
9781788292948
9780071847070
9780132990455
9780071741682
9780071799683
9781786469168
9781627052191
9781788392075
9781484219409
9781680452143
9781484213773
9781484220474
9781284070699
9781680452891
9781680454574
9781788290333
9781787282759
9781484221426
9781680454437
9781787286429
9781430231295
9781430208693
9781484210406
9781484221082
9781782174585
9781787120631
9781501505621
9781787120730
9781680453348
9780134307091
9781680451887
9780134667577
9781631573927
9781787288409
9781509302154
9781457186172
9781119247029
9781787287815
9781848219168
9781680453362
9781491986165
9781492019169
9781785888564
3880431399001
9780128097656
9780128045053
9781491963616
9781119173649
157870233
9780134122847
9781457193859
0789736268
9780128099117
9781680450057
9781457187629
9781680452907
9781786466518
9781785286582
9781491975558
9781680451702
0273649213
9781785885297
9781491975633
9781491975596
9781680451764
9781491963456
9781848219359
9780787988487
9781457189661
9781680451047
9781785884191
9781786468024
9781491971468
9781491970980
9780128093474
9781617292682
9781785889639
9781785881381
9781628251289
9781680451283
9781491961971
9781457194115
9781453211106
0672325330
77761
9781484212936
9781680452181
0768666767
9780134467924
9781784390013
9781457189456
9781457189401
20243
9781484211946
9781484217931
2363556831001
2235601894001
9780134031330
4330773346001
4158457752001
9781119071587
9781457187582
9781491934258
9781457196430
9781118995396
9781118913741
9781118910368
9781457187681
9781680450316
9781457183294
9781785281198
32562
32562
9780134000121
9781422155127
9781625270504
9781422152768
9781633690202
9781633690226
9781457186424
9781422185612
9781422191422
9781422191439
9781422143629
9781631571015
9781491929322
9781785281426
15614
9781680450149
9781784398903
9781771373647
9780134122106
53863
53863
9781785285776
9781771374002
9781783553532
9781484207840
9781118492970
0738440051
9781771372541
9780123704979
9781435461369
9780470500866
9781782175438
9780135058749
9781856697354
9781849697187
9780857084569
9781783288007
1576751724
9781905940912
0789736292
9781906465476
9780768683172
9780132685535
9780814416471
9780132615211
9780132686037
9780132659475
9781430228530
9780132685566
9781118099490
9780131375215
9780132318198
9781118600177
9780596155728
9781843347330
9781843345831
9781937134860
9781937134136
9781118170120
9781430239215
9781430238881
9780132674508
9781118416624
9781907794339
9780123743008
9781430241041
9781119994350
9781449321918
9781430257400
9781457183072
1565925378
9781449312756
9781449332181
9780321552693
0201760355
9781849513708
0132216353
0672322498
0131475738
9781576758793
9780735667785
9780735623477
9780735673984
9780735667334
9781430238676
9781430261483
9789814484848
9780240809540
9781849694384
9781849694308
9781430259268
9780071802758
9781449368265
01201000003
9781118417850
9780123944245
9781849692380
9781430259923
9781449356422
9780814429518
9780470404461
9781449301972
9781449356200
9781849697361
9780132731812
0201760355
9781849513708
0132216353
0672322498
0131475738
9781576758793
9780735667785
9780735623477
9780735673984
9780735667334
9781430238676
9781430261483
9789814484848
9780240809540
9781849694384
9781849694308
9781430259268
9780071802758
9781449368265
01201000003
9781118417850
9780123944245
9781849692380
9781430259923
9781449356422
9780814429518
9780470404461
9781449301972
9781449356200
9781849697361
9780132731812