9781492031321
9781788622837
9781484237847
9780134858623
9781492068372
9781492044680
9781788992282
9781498700320
9781119475934
9781260118186
9781439873328
9781439860335
9781315350219
9781315356457
9780750656191
9780750638098
9781439837221
9781439856420
9781492036722
9781466564527
9781788997409
9781789533972
9781617294839
9781492065197
9781780174204
9781492068815
9781789135206
9781788839624
9781789534115
0738497878
9781788837606
9781788834308
9781789612530
9781788832588
9781492028680
9781789539127
9781789539479
9781788833271
300000006
9781788998758
9781426019081
9781786462183
9781787129481
9781492034131
300000006
9781787284692
9781787284692
9781439818473
9780123858801
9781787289994
9780124201248
9781491917565
9781484232132
100000006
9781634624039
9781492040279
9781788392501
300000006
300000006
9781491988770
300000006
9781788622448
9781788990189
9781788839778
300000006
9780134756936
9780134781051
9780735697515
9780123943972
9781260121193
9781492033431
9780738443003
9780738442754
9781789539097
9781947441477
9781789532593
9781788624039
9780738442907
9780738456911
9781634624022
9781789531565
9780988820289
9781492033677
9781789531503
300000006
300000006
9780988820258
300000006
9781484236277
300000006
9781783985562
9781789534962
9781786469175
9781788994507
9781789340297
9781789347272
300000006
9781492042341
9780128022221
9781597496278
9781597496551
9781492026051
9780135180488
9781492039426
9781284121858
9781284031713
9781634624008
9781260122282
9781260128512
9781260026009
9781260108422
9781260122398
9781788835695
300000006
9781491957158
9781789530612
300000006
9780128016350
9780124105263
9780124114746
9780124078178
9780124158153
9781597495578
9781597492348
9781597492270
9781597491952
9781597491945
9781597492171
9781597492096
9781597492287
9780123735669
9781597492300
9781597491099
9781597490276
9781597490184
9781597490313
9781931836876
9781597491297
9781928994237
9781931836197
9781788624510
9781788392570
9781789532401
9781788472425
9781789530193
9781788478649
9781492042488
9781492042525
9781788990615
9780128018675
9780128008997
9781789538991
9781789344059
9781789345704
04616
9781789340921
9781789342420
9781789345131
9781789345131
9780134772929
9781788839235
9781492042815
9781492042921
9781492042648
9781492042006
9781789347906
9781788999960
9780134652450
9780134893112
9780134854564
300000006
9781492042747
9781492042624
9780596155858
9781449340452
9781449371722
9781449309749
9781449309749
9781491908570
9780596805777
9781449323400
9781449323332
9781788473187
9781449309701
9781788391382
9781449377229
9781788625777
9781449333188
9781449314736
9780596514839
0596008279
9781449330996
9781449330637
9781449330637
0596008007
9780596806309
9781788622998
9781449311322
9780596803957
9780596510305
0596007698
9781491979587
9781492042297
9781788990981
9780124171374
9781634623957
9780135237823
9781939924834
9781789135930
9781492033905
9781788837774
9780124104914
9780134854779
9781788398749
9781634623889
9781789137675
9781788999786
9781788837927
9780738443072
9781788832342
9781788991599
9781789345742
9781932266658
9780135181522
9781788475433
9781788997027
9781788838979
300000006
9781789346992
9781491979679
9781788830874
9781788835268
300000006
53863
9781789341584
9781492036661
9780988820272
9781789341478
9781789346145
9781789341676
9781789340013
9781789344677
9781788291996
9781491971932
9781492039891
9780128021453
9781789341447
9781492030249
9781634623810
9780738442990
9780738442174
9781782174257
9781492037392
9781492030645
9781492037378
9780738443010
9781786468581
9781492037699
9781491926291
9781788991414
9781788991315
9781457191442
9781928994701
9781788622615
9781931836944
9781558608689
9781597490115
9781597490061
9781856175302
9781597491167
9781597490597
9781856175265
9781597493055
9781597492805
9780750687591
9781597492980
9781597492362
9781856175074
9781597492768
9781597492683
9781597492164
9781597492164
9781597491174
9781597491105
9781597492829
9781597492812
9781597492690
9781597492669
9781597492676
9781597491112
9781597495431
9781856175081
9780123708663
9781597495493
9781597495516
9780123756954
9781597495455
9781597495417
9781597495356
9781597494274
9781597495660
9780123750778
9780123744791
9781597494199
9781856179782
9780750682152
9781597491358
9781597496049
9781597495820
9781597495868
9780123849885
9780123814142
9781597492836
9781597491990
9781856175289
9781597492850
9781597495684
9781597494724
9781597491761
9781597492157
9781597491235
9781597495943
9780123877666
9781597491693
9781597490740
9781597492355
9781597491976
9780123859631
9781597495929
9781597496612
9781597492553
9781597497251
9781597496650
9781597492737
9781597496452
9781597496377
9781597492089
9781597497374
9780124071896
9780124047372
9781597499514
9781597499835
9781597499620
9781597499613
9781597497473
9781597497435
9781597497404
9781597497350
9781597497312
9781597496353
9781597495905
9780124058941
9780123983572
9781597499934
9780124114548
9780124104044
9780124116443
9780124046276
9780124114838
9780124166004
9781597499491
9780124095045
9781597499583
9781597499989
9780128000113
9780124199705
9781597499965
9780124158733
9780124172081
9780124166882
9780124166721
9780123985453
9781597499927
9780124059320
9780124058712
9780128006047
9780124166899
9780124199620
9781597494700
9780124170407
9780857098030
9780124172913
9780124077492
9780124046153
9780124199675
9780128007518
9780124200043
9780128007280
9780128007440
9780124079472
9780128014769
9780124170391
9780128015797
9780128013083
9780128001103
9780128013793
9780128013793
9781843347712
9780128008874
9780128014134
9780128025727
9780128012659
9781782420132
9780128029275
9780128020432
9780128027325
9780128027318
9780124201149
9781597494250
9780128027226
9780128027301
9781597492133
9780128047460
9781597490207
9780124200562
9781931836722
9781931836937
9781932266603
9781931836920
9781597495738
9781597494991
9781597492454
9780123695291
9781597491013
9780123704887
9781558606517
9781788627542
9781788627863
9781788474870
9781787283435
9781492040002
9781788296243
9781492038528
9781492039020
9781492038665
9781492038641
9781788625562
9781260116601
9781788476317
9781119214953
9781788390279
9781788831468
9780738442969
9780738442792
9781788620604
9781492067511
126798
9780128041994
9781119420408
9781789131642
9781789136470
9781788629492
9781260011807
9781484232583
9781119226048
9781119293040
9781119443056
9781119359142
9780738442983
9780738442976
9780738442815
9781849289511
9781788995023
9781597497305
9781564147226
9780134591728
9781634623674
9781789132991
9781788991278
9781492033073
9781788293136
9781634623612
9781788994668
9781787126541
9781786465535
9781788623179
9781788624480
9781260027044
9781491931240
9781788623377
9781788295826
9781788478878
9780739442821
9780134755885
9781787124349
9780738442839
9780988820203
9781788623513
9781788473040
9781491979891
9781788394055
9781788622318
9781788390149
9781787125292
300000006
9781449390259
9780596801786
9781788835077
9781789138672
9781439820759
9781785881480
9783110555691
9781680504552
9781789134926
9781787120235
9781787285774
9781492037439
9781788473736
9781788839846
9781491984291
9781492036890
9780738442884
9781788995689
9781491907993
9781788838115
9780814439258
9781597491723
9780738442914
9781491984178
9781788627917
9781788475297
9781492037071
9780240814339
9781491935668
9781492036067
9781492036791
9780738442938
9780738443034
9780134854632
9781788295970
9781788398763
9781788629515
9781789139693
9781788626583
9781789137125
9781788471695
9781788997997
9781788999533
9781484221495
9781787127418
9781492029328
9781788620376
9780738442808
9781789135961
9781788998567
9781849289597
0738427896
100000006
9780133415087
9780134783680
9781492033776
9780750679947
9780750657600
9780123914903
9780123750921
9780128005163
9780128000694
9781492033790
9780128005651
9780128005682
9780124115705
9780124201125
9780124165571
9780128000038
9781317553700
53863
9780128023792
9781787125988
9781492032908
9780783442846
9781788831925
9780691144610
9780134670805
9781787286016
9780071772693
9781597495707
9781931836418
9781491982297
9781847191151
9781788394512
9781788394383
9780071839297
9780071832120
9781788624596
9781788999519
9781786466877
9781492030799
9780738442877
9781492028932
9781567263336
9781567263749
9781786469168
9781567263633
9781567263343
9781788299558
9781788396486
9781904811329
9781617293726
200000006
9781783554089
9781785282058
9781787123854
9783110476095
9781788479356
9781788471183
100000006
9781788391061
9780128000229
9781492001454
9781484230480
9781484232439
9781788995764
9781492032168
9781492032205
9781492032182
9781780173580
9781260019292
9780763761417
9781788291910
9781317531111
9781788626569
9781788478830
9781492030201
9780738442860
9781491988817
9781491988794
9780763793012
9781284090703
9780134855615
9781492032144
9781492030515
9781788399814
9781260026382
9781284055993
9781284055931
9781284090550
9781284059274
9781492030188
9781492030577
9781492030263
9781118859919
9781492030225
9781118417058
9780738442778
9781598299373
9781627055239
9781787280571
9781788293303
9781788296335
9780134858272
9781787282629
9781787129511
9781788391443
9781784399771
9781482206470
9780814438770
9781492028918
9781788291101
0596528191
0596002424
9781119243229
9781466568358
9781491957349
9781788623070
9781449334536
9781449334536
100000006
9781498700627
9781849289627
9781492028499
9781788991131
9781466584310
9781788997249
9781788477710
9781788397179
9781786469007
9781788392075
9781849289559
9781788995665
9781260026085
9781260026559
9781788999496
9781617290893
9781634622943
9780134683355
9781492030775
9781509303939
9781491996980
9781484220658
9781484220597
9781484219072
200000006
9781492028819
100000006
9781788479981
9781484214558
9781484214466
9780133478549
9780133478549
9780738442761
9780134850641
9781492030157
9781492030065
9781788621052
9781788476027
53863
9781492029663
9781788297943
100000006
9781787286610
9781491994207
9781491994184
9781491994160
9781491991640
100000006
100000006
100000006
100000006
9781788478847
100000006
100000006
100000006
100000006
9781491985359
9781484220535
9781484221815
9781484221402
9781484222294
100000006
9781943546725
9781941651513
9781788391634
100000006
9781788395854
9781788625050
9781788625050
100000006
100000006
9781351381345
9781439874370
9781788396646
9781787121829
9780134857053
9780134857053
9781788832939
9781788395151
9780128025642
9780134836126
9780134807553
9780134807553
100000006
9781787127913
100000006
100000006
9781787125742
9781491907832
9781788472906
9780134772974
9781787289123
9780134844565
9781788290333
9780134772998
9781788830393
9781634622868
100000006
9781785881015
9780134788494
9780738442709
9781849289467
9781484225653
9781484216941
9781484224304
9781484221259
9781484225981
9781484226070
9781788294881
9781787282759
9781491979792
9781788628396
9780738442730
9781260026894
9781484216590
9781484227770
9780988820210
9780988820241
100000006
100000006
100000006
100000006
9781351722209
100000006
9781788390378
9781606497456
9781788629478
9781491996911
9789332579125
9781491939192
9781634622813
9781491997482
9781788475136
9781606495278
9781940111605
9781788474009
9780134583822
100000006
9781351619394
100000006
100000006
01120100015
0672326094
0738438227
9780738441788
9781491938836
9781484203798
9781788477000
9781787284715
9781784390303
9781484227985
9781788476294
9780128096444
9781788628433
9780738442426
9781786468390
9781491962831
9781905356669
9781787288416
9781680502671
9781426022050
9781905356683
9780738442662
9780134688428
9781787125230
9781849513920
9781849518307
9781849518260
9781849684422
9781788291606
9781788398251
9780738442747
9780738442693
9780134836959
9781449374631
9781788398985
9781788621069
9781788628952
9780134833989
9781782161240
9781849515566
9781849688345
9781491935187
9781787128637
9781782173779
9781782170983
9781782174851
9781782174547
9781782175179
9781784395049
9781784395643
9781784398651
9781784399740
9781784399832
9781785280856
9781785281518
9781785282874
9781785285332
9781491998892
9781788473101
9781783988525
9781786463739
9781788623537
9781786466815
9781786460462
9781787288683
9781788297134
9781788395656
9780134838489
9781501505621
9781785884627
9780134772066
9781782175223
9781788474139
9781491995020
9780738442686
9781786464620
9781787120532
9781787124004
9781785281655
9781788477826
9781786462695
9781606507001
9781786466075
9781788297110
9780738441092
0738440485
9781788473224
9781947282858
9781787280243
9780128027165
9781119359340
9780134752792
9780738442631
9781780173405
9781119194316
9780071633567
9781491991251
9780134693644
9781788395069
9781439826973
9781439893029
9781788471060
9781491975954
9781260011081
9781784395070
9781787288744
9781597491143
9780763791957
9780763791322
9781598220452
9780763791810
9781491976265
9781491917619
0596006470
9781259588099
9781449626365
9780738442433
9780738442396
9780738442389
9780738442556
9781788399708
9781787283367
9781786466808
9780738442068
9780738442532
9780738442457
9780738442372
9780128033753
9781788477345
9781788474771
9781788294737
9781787283268
9781491983676
9781786462923
9781787120365
9781787285965
9781491986585
9781785888786
9781491994986
9781788396400
9781786461001
9781786467454
9781788474832
9781788470827
9781786461995
9781491986561
9781484200735
9781430262626
9781430260837
9781430239697
9781491932421
9780134689227
9780134269276
9781788392976
9780240814483
9781491986547
9781593272906
9781449345365
9781491915752
9781491915752
9780128039298
9781788471190
9781787289703
9780134685557
9781788478595
9781788299213
100000006
9781119247029
9781491976227
9781491986486
100000006
9781491989012
9781491986509
9781783982165
9781786466273
9781787286986
9781785889080
9781785887932
9781119396215
9781788292122
9781786463982
9781786460295
9781492020400
9781491989210
100000006
9780071798761
9781509302536
9780128054734
9780081009529
9780128129302
9781491986462
9781491989258
9781491988169
100000006
9781119361008
9781491986448
9780134174129
9781491959442
9781491986424
9781491975763
9781119372622
9781119348979
9781119367680
9781786469762
9780133836455
9781491986820
9781784391867
53863
9781491981566
0596102461
9780133836523
9781491982143
9781491960370
100000006
9781788297615
9781786469823
9781786463685
9781787125681
9781783552344
9781786468550
100000006
100000006
9781491982105
9781119211082
9781491984796
9781788299541
100000006
9780134022963
9781491978375
9781787129696
9780735697560
100000006
9781786469816
9781119231509
9781118918210
9781788299633
9781491977071
9781491977071
9781491916421
9781491972212
9781466579002
9781618660435
100000006
9781787283121
9781788291668
9781492019169
9781787281882
9781785880520
0132704315
9780128017982
9781786468017
9780134762807
0596003145
9781785884368
9789332558281
9781786464910
9780789739964
9780128036815
3642621694001
9781786469434
9781788298919
9781786465719
100000006
9780321553744
9781784395100
9780738442419
100000006
100000006
9781284116465
9781284081411
9781787124134
0738434159
9780738442310
100000006
9781786465351
9781787121065
9781787285835
9781786465108
100000006
9781119308744
9781787287839
9781786460141
9781787122123
9780738442402
100000006
9780081007129
9780738442327
9780738442365
9780128096871
9781785884313
9780738442136
9781786461049
9780128045053
53863
9780738441719
9780738442358
9780128009895
9780735697652
9780735697614
100000006
9780128092255
9781786466716
9781787280236
9781785888427
9781786469908
9780738442334
9781787121638
9781509304301
9780128029824
9780081002117
9780128039380
9780128010648
9780128017807
9780128041871
9780128023549
9780128041864
9781786464286
9781786469755
9780738442259
9780071825757
9781491975749
9781439881538
9781119084396
9781119286189
9781119326038
9781119091349
9781439811658
9781420094442
9781556223600
1597490369
9781597499484
9781617292606
9780134052083
9781786464378
9781491979310
9780124201255
9780134677552
9781849288415
9781849288378
9781259835452
9780134505787
9781491911044
9781466560963
9780081020265
9781439806814
9781555583392
9781466592704
9781627050098
9781627053426
9781439887400
9781786461148
9781259836596
9781786467393
9781787126619
9781457191381
9781843347071
9781786462510
9780081012314
9781787121577
9781786468048
9781786464231
9781785883835
9781491967874
9780128004784
9781786464101
9781786462787
9781315354927
9781786461711
9781786462527
9781491976128
53863
9781632650641
9781491970478
9781491968444
9781491958537
9781491958537
9781786466495
9781786464859
9781786465993
9780128038383
9780128093658
9781785883392
9781785886096
9781785284588
9781785885952
9781491960035
9781785888908
9780128113776
9780738442020
9781785289194
9781491972045
9781491944653
9781782172932
0789735318
067232749
9781786466396
9781782174158
9780128054482
9781786466860
9780738441894
9780128038659
9780133390124
9781786463166
9781785885617
9781509304165
9780128036013
9781491919705
9781259583803
9780134393131
9780131481046
9780134643830
9781786462039
9781787128354
9781492018049
9781787123182
9781780173269
9780857191106
9780738441900
100000006
9781786462664
9781786468086
9781785285059
9781785883491
9780124166394
9781786463432
100000006
9780738441993
9780738441801
9781259589720
9780134084756
9780134133713
9781119252283
9781259836565
9781491968420
9780134649634
9781119130017
9781118660010
9780738441924
9781119267720
9780134665276
1592000355
9781940111407
9781491957219
0130279595
0130462233
0130670383
9780471469124
9780471223986
9780470481387
9780470449585
9780470463321
9780470404850
9780470398678
9780470404843
9780470293164
9780470372975
9780470275894
9780470372968
9780470293157
9780470261675
9780470276884
0321118863
0970002129
0970001947
9780470174593
0321304519
0131014056
9781931971256
9781931971522
9781849288446
9781849288330
9781119207467
9781491972588
9781118939482
9780738441917
9781617291685
9781771375917
9780134209555
9780738441825
9781491972465
9781491972441
9781491959312
9781786468796
9780738441870
9780738441887
9780738441849
9780128113844
9780134400709
9781491965221
9781491971321
9781491971413
9780738441740
0738424250
9780134218229
9781491968345
9781491962701
9781491968246
9781631574665
9781491965771
9781484220689
9781484218730
9781491968604
9781491966037
9781786463937
9781491944646
9781786463357
9781491943380
9780134393193
9780738441771
9781785880063
9781785881909
9781785289743
9781785884498
9781785889639
9781785889301
9781783554096
9780134470627
9781785283468
9781782168492
9781785888915
9781785885686
9781786463142
9781491937006
9781618661173
9781119210238
9781618660800
9781259643453
9781259585081
9781771374460
9781491961803
9781771376006
9781491959299
9780134391441
9780134263229
9780738441573
9781786465931
9781848217546
9780134189239
9781848218963
9781119137887
9781119087519
9781119137825
9780738441696
9780738441818
9780071849265
9781491964330
9781785284830
9780738441726
9780738441702
9781785888410
9781785287817
9781785287817
9781439826058
9781849285247
9781785888441
9781849287838
9781785886249
9781617292729
9780738441764
9780738441658
9780128034637
9780128051047
9781498788212
9781491922996
9780134510279
9781119252153
9781785883286
9781119252245
9781491962886
9780134392974
9781849288019
9780134425962
9781782175353
9781849288132
9781849288255
9781118925119
9781119137856
9781119113508
9781118501214
9780738441733
9780738441559
9781491958926
9781785885969
9781785881770
9781491957707
9781785283277
9781785280351
9781491956885
9780738441498
9780738441580
9781633430235
9780470521168
9781617292163
9781785880315
9781783981786
9781782174844
9781119154686
9781785884382
9781785285615
9781785888854
9781784395810
9781491921050
9781119207498
9781785283154
9781785888304
9781783986880
9781118575215
9781771376044
9780134437804
9781491943595
30000
0735613672
0321305019
0201674718
9780470046425
0130927392
9781931971423
9781931971645
9780978963934
30000
30000
30000
10002
10001
0789730626
0789727838
078972605
0738453331
0672324881
0672319462
0672321769
0131487876
0131408828
013100851
0130464155
0130355488
0130224634
9781785883378
9781902505787
9780471281177
30000
0321218736
0672328097
0321180615
0321115708
0131402064
0131008250
9780470238387
30000
1587201119
0789733277
0789722836
0735710090
0321224094
0321268539
013144025
0131407333
0130473936
0130194697
0130137863
0130092207
9780738441375
9780738441481
9780738441429
9780738441443
9780738441313
9781780172163
9780134434735
0130102229
0131118293
078972801
0321108957
0789728362
9781931971621
9781583470671
9780471250326
9780071495684
30000
1578702569
0738491594
0201752778
0201325640
0130328618
9781584506997
9781606501993
9780978963958
9780470747612
9780470474198
9780470173671
157870264
9780735622531
9780071497879
0672324261
1587051621
157870281
1587051826
9781784393502
9780134524467
77761
77761
9780071843645
9780738441412
9781784392918
9781782174905
9781785889332
9781785288128
9781906124762
100000006
9781785285561
9781785888106
9781491958285
9781491958285
9781491957875
9781491958032
9781491957967
9781491957929
9781491958087
9781491957820
9781491958254
9781491957714
9780128045428
9781491957882
9781785280955
9780738441566
9781482228892
9781466560680
9781785882876
9780738441511
9781680452181
9780738441221
9780738441252
9781785280610
9788131733097
9788177581218
9781430268178
9781785885839
9781783986026
9781491955147
9781119137931
9781783551699
9781785886881
0738495565
9781782162223
9781785886805
9781785884610
9781784390013
9781782172819
9780132965637
9781457189517
9780738441245
9781849287913
9781785288982
1587201216
9780738441436
020178419
9780764568466
9781849281089
32562
9780128024379
9780134424958
9781466575318
9781466592612
9781482262759
9781771375634
9780134467207
9781491954850
9780134393896
9780128002216
0738437131
9780738441382
9781484218303
9781484217122
9780134398761
9781785282621
9781785883255
9781118987056
9781119028758
9780738441238
9780738441283
9780738441337
9780738441276
9781784394035
9780134398747
9781785284755
9781491935101
9781785283789
9781785287688
9781785284243
9781783985487
9781119039716
9781119092438
9781785280801
9780133550801
9780134136639
9781259583063
9780071782586
9781259588716
9780071846790
9781771375245
2235534216001
9781785287039
2619106087001
2235558615001
9781785284861
9781785882753
9781785881107
2821109175001
9781484211854
9781847194503
9781771375504
9781466572133
9781784395704
9781491941249
9780134466279
9780738441207
9781449647407
9781785287725
9789332525146
9781783986965
9780128042823
9781784392826
9780133949483
9781784395483
9781430261674
9780134392387
9781785287398
9781785281730
9780738441146
9781783982929
9780738441122
9781119059653
9780133949476
9781783984848
9781785286100
9781783986903
9781771374323
4568847592001
9781491928684
9780738441214
9781784394233
9781118952214
9780133412246
9781491937198
9780738441160
9781849287500
9781849287692
9781491928011
9780134278223
9780738441023
9780738441061
9781783551767
9780081000885
9780133949469
9781783551651
9780738441108
9781785280139
9781784390891
9781118991794
9781118991800
9781119026846
9781119042716
9780071800372
9780071819756
9780071836180
9781484204573
9780857191083
9781785884245
9781849285964
9781849287173
9781849287333
9781849287098
9781849286008
9781849287050
9781849287418
9781849287135
9781118194638
9781771375320
9780470500965
9781119020592
9781491914441
9781606499177
9781610395885
9780133962062
9781568584539
9781457183294
9780128029145
9780133993295
9780738439778
9780738440941
9780738440972
9781771374316
9781618660329
9781491902899
9781771374880
9781457189937
9781782171447
9781785287589
9781785281877
9781783980901
9781784398293
9780133949452
32562
9781118916889
9781118824641
9780123749567
9780134388953
9781782174783
9781785282164
9781785281044
9781484212219
9780738440668
9780989811927
9780071845403
9781771374941
9781491936528
0672324598
0672318717
9780321572936
9781783553471
9781491936498
9780989811903
9781491913598
0789731517
0672328984
9780738440750
9780738440705
9781784399702
9780128029312
9781118810057
9780071827621
9780738440798
9781783984862
9780134281612
9780738440767
9780134281605
9781491947098
9781939902184
9781784393977
9780738440828
9781784390044
9781784394912
9781785283949
9781783987542
9781783981564
9781118896693
9781785289736
9781784397937
9780738440613
9780470261699
078973446
0789728494
9780470238400
9780470449301
9781491927977
9780738440781
9781784393137
9780134218151
9788131797495
9789332524224
9781780171807
9781285874456
0738440108
9780738440408
0738440450
9781118925157
9781784399122
9780133858624
9781785286001
9781782164289
9781784399252
9781784393526
9781785287947
9781784398750
9781783553976
9781785285981
9781782174219
9781783554065
9781784390204
9780134140964
9780738440699
9781783987085
9781784396510
9781784392543
9781119010685
9780134049885
9780134191829
9781771373531
9780133795301
9781782172710
9781784398125
9781782172796
9781783554034
9781785282300
9781771373753
9780738440644
9781491915318
9780738440606
9780124200548
9781118919682
9781118958483
9780738440460
9781784394813
9780735697270
9780738440538
9781119002628
9781782176244
9781771370851
9781118989289
53863
9781119009139
9781784393946
9780738440620
9781430265849
9781118958513
9781430266389
9780134119038
9781784390679
9781784391676
100000006
9781118937570
9781118935958
9781783285211
9781784393724
9780738440477
9781784397753
9781784399238
9781783280414
9781771373555
9781782171805
9781118922903
9781457189074
99781784397029
9781784394608
9781784394608
0130669431
9781783989447
9781783287390
9781784399993
9781771373487
0738440361
9780133410495
9781784394493
9781118824993
9781491903612
9781784393748
9781784398729
9781784392246
9781782172857
9780071841245
9781784394882
9781491915660
9781118870129
9781118875100
9781783984787
9780071831567
9781118533796
9780071832380
9780071831796
9780071828369
9781782173977
073844037
9781784390082
9781783985623
9780134135823
9781771373340
9781782176077
9781784393076
9781782163183
0738440353
9781118935217
9781118930861
0738440264
9781783554515
9780134085074
9781118817667
9781457191350
0738440388
9780789740083
1936334844
9780132853835
9781771371278
9781771371322
9781491916179
9781491917374
10863
10863
9781782176480
9781783283453
9781783551682
9781782175490
9781783988907
0738440213
9781784399313
9781783982905
9780133589436
9781782175452
9781484201480
9780133854534
9780132756174
0738440248
9781783281572
9780735695627
9781771372787
0738440272
9781491900536
9781118335895
9781118631720
9780133949445
9781783550111
9789332537439
9780321604378
9789332537392
9780133511260
9781782170341
9781782176091
9781783987481
9781118821701
9781783550630
9781118679210
0738440191
9788131794760
0738439606
9781849283663
9781491900383
9781849281843
9780133949421
9781484203675
0738440175
0738440167
9781782167327
9781305402720
9781491945087
0738440183
9781782160700
9781782169086
9781780171302
9781430265726
9781782171706
9781783980888
9781782171645
9781849517720
9781457182419
9781784399368
9781783988280
9781783980963
0738439975
9780133888706
9780132821889
0738440078
9781849689687
0738439797
0738440043
9780133966404
9781771372978
9781491910672
9781771372831
9781771372923
9781783983308
9780071832144
0738439762
9780133744187
9780071833448
9780071841283
9780071798686
9780071807913
9780071839761
9780071821650
9780071838733
9781491914489
9781782172086
9781782172994
9781782167402
0738439851
9781435461369
9781783983049
9781783986040
9781783985166
9781782170709
01220110016
9780133838176
0738440000
0738439827
9781941222584
9781118908808
9780133951943
9781941222607
9781430263838
9781780172200
0738440027
0738439681
9781849699518
9781782176114
9781783986521
9781430266143
9781782166924
9781935504818
073843941
0738439622
0738439614
0738439649
0738439304
0738439983
9781118875070
0738439800
9780133836660
0738439754
9780133819441
9781782176985
9781491945681
0738439495
0738438731
9780133988338
9781430262961
9781783982189
9781849285728
9781849285766
9781849285803
9781849285841
9781782171461
9781783980826
9781771372510
0738439371
9780133847253
0738439355
0738439444
073843969
0738439142
0738439185
0738439401
0738439711
0738439886
0738439134
0738439282
0738439479
9781782176862
0738439487
0738439223
0738439231
9781782176848
9781783982462
9780133967036
078972815
9781593271633
9780470027486
9780750678827
9780768685671
0321384016
9781555583088
9780132682794
9780789743374
0789732041
9780470119303
9780071487559
9780123725257
9781590599891
9780768687507
9780123705297
9780768694581
9780768695311
0672327481
9780768687095
9780789739452
9780470533222
9780470227367
9781597491655
9780071545976
9780071543811
9780768689334
0672326639
9780470503829
9780072226966
9780750679091
9781849515405
9781849281638
9780471236634
9780768690484
9780672329494
9781849281201
0738432423
9781849281676
9781849281164
9781849281294
9781782163121
9781783981441
9781783284771
9780071810265
9780133988161
9781491908587
9781491902998
9780071836487
9780071800143
9781783981427
9781118662090
9781491900741
9781782176268
9780735678156
0738438154
9780470039731
9781780171500
9780471947837
0738436488
0738438774
9781457185342
9780133057638
9781849695107
9781782176442
9781783982424
9781782172451
9780789741967
9780789741912
9780789735737
9780768686296
9780470126905
9780470294215
9780768690613
9780768683080
9780672329197
9780470395356
0789736195
9781593273422
9780764578014
0789736209
0789736489
9780470179864
0789735539
0321384865
0789736187
9780768686654
9780768686807
9780768686470
9780321620675
9780768683929
0789736497
9780470052358
9780470194959
9780672331534
0321432320
0789734591
9781598295566
9780768683868
0789736500
9780470127544
9781597491662
9781555583330
0789736179
9781905356379
9781608452538
9781430218630
9780470193396
1597491047
073843843
9781849281669
9781849281225
01220110074
1934743968
9780470643631
9780470946619
9781118013861
9781558609105
9780132779722
9780470880357
1593270461
9780123820280
9780071664523
9781935504214
9780131385504
9780470503720
9780470620069
9780071628624
9781849280358
9780131387997
9780470917015
9780470769805
9780470525395
9781435454958
9780470583890
9780071633680
9780470581858
9781849280310
9781119991915
9781118074015
9781435457126
9780132724647
9780470908174
9780470525951
9780470876534
9781931971720
9781931971706
9781118085523
0738436054
0738434035
0738436100
9780071626941
9781849281539
9781849281621
9781849281195
9781849281492
9781849281607
9781849280983
9781849281652
9781118162651
9781843347156
9781843346487
9781782174172
9780133966923
9780133967296
9780133967081
9780133967357
9780133979923
9781618661012
9781937134105
0738435880
9781849282970
9781935504184
0738435279
073843602
9781118028278
9781849281881
9781118222003
9781780171111
9781118603512
9781118113561
9781400838516
9781118130490
9780132724715
9781400838141
9781118168486
9781849281966
9781430239215
9780132836173
9780132602990
0738435945
073843597
0738435376
9781780170992
9780071774000
0738435325
9780071792219
9781849689762
9781782172673
9781118289426
9780789740069
9780789739988
9780789740151
9780789741851
9780789740144
9780789740120
9780789742469
9780789741790
9780132711241
9780789741875
9780789741752
9780789741943
9780789740106
9780789740199
9780789743695
9780789741813
9780789741776
9780789743633
9780789741738
9780789740175
9781843346548
9780123869227
0738437891
0738438073
9781118239568
0738438189
0738437832
9781118288191
0738438065
0738438103
0738438081
0738437573
073843793
9781118019214
0738437662
0738438413
0738438243
9781598299359
9781118310205
9781118331514
9780132947169
0738438405
0738437905
9781849284417
9780123972002
0738438553
0738437727
9781849283304
9781849283908
9781849284769
0738438367
0738438502
9788131764527
0738438006
9780133089516
0738437166
9781118239261
073843826
0738437476
0738438235
0738437751
9780071772518
9781118135600
0738438383
9780123970107
9781606494257
9781430251132
073843759
0738438634
0738437778
0738436461
0738437786
073843745
0738436380
073843728
0738437484
073843647
0738438693
0738438685
0738437034
0738437204
0738436402
0738437433
0738437581
0738436828
0738437514
0738436283
0738437115
0738437735
0738438782
9780123944368
0738438871
0738438863
0738439096
9780124077805
0738438480
0738437840
0738438014
0738437603
0738437883
0738438138
9781118790823
9781118697115
9781118714829
0738437190
9780123868862
0738438111
0738437999
0738438510
0738437670
9781618661166
9781618660909
9781618661258
9781771372169
0738438987
0738438952
0738439061
073843891
0738439177
0738439266
073843924
9781118793824
9781118810071
9781430264309
9781849285551
0738438995
9780133481181
9780133589412
9781905356966
9781849280297
9781849280105
9781905356133
9781849280273
9781849519489
9781782166580
9781118826461
9781430261452
9780470277935
9780123705228
9780470249840
9780470114780
9780764598371
9781597490993
9780764542800
0735712654
9781435455320
9780471648314
9780471648321
9780471648307
9780470922026
9780471761303
9780470741436
9780471201007
9780471455981
9781118105948
9780471716525
9780133034486
9780768680492
9780470572146
9780071713405
9781118113523
9780071740647
9781849283618
9780470890790
9780071792349
9780470007921
9780071666619
9781285076577
9780470371916
9781118238424
9780132828284
9781133935612
9781849283984
9781118113684
9780471081128
9781118067659
9780470589878
9781849283731
9780470930908
9780470170779
9780132983716
9780470624463
9780672329302
9780071772495
9780132802123
9780789740618
0672327376
9780071790390
9780768686227
9780470168080
9780470613030
9781118236963
9781935504221
9781118417102
9781118058985
9780470525203
9781593273880
9781430241102
9780763791285
9780763791858
9780132681926
9780763791346
9780080949536
9780763791834
9780132801393
9780071820912
9780071626750
9780133855036
9780133579727
9780814416136
0738439169
0738435856
0596000456
0596009607
0596006691
0596007965
0596005458
0596002904
0596007752
0596002122
1565922697
9780132398428
1565924495
0596006616
9780137137596
0596005814
9780133066869
0596001002
156592682
0321356993
0596001533
0321200195
059600284
0596006098
059600012
9780596514112
0596007531
9781449339319
0596005539
0596004044
1565926420
1565928717
0596007914
0596006853
0596007949
0596004427
9781449333577
1565926285
0596002564
9781449343637
073849481
0738497444
0596101333
0596006241
0738490296
0596001843
059600611
9781449322519
9781449340346
0738437158
0738427055
0738426970
9781449306229
9781449305741
0738492361
0738492906
0738437395
0596001088
9780132616225
0596000782
0596006438
0596009534
0596008783
0596003234
9780596806934
9780596529642
0596000995
9781491948828
9781491946626
9781847194282
1587051672
9780321477897
9781847195180
020163466
0131453556
9780672334092
9780321659392
9781587204142
9780321434838
9780321349989
0131927574
9780132074674
0130424110
9780137045730
0321268172
9781904811695
0131927590
9780137008612
1578702763
9780321437341
9780321591890
9780132604000
013047116
9780137155880
9781849519847
1587052539
9780321552693
9781849686280
0131463969
9780321436955
9780321657497
9780133258813
9781904811077
0131015494
1587051176
0321332059
9780132599672
9781849518628
1587052393
0131882228
9780321648143
0321498143
9780321562753
1587052520
9781849684484
0321136500
9781587059209
9781849513401
9781847198969
0321304527
9781849681285
0132236931
9781587058233
9780321336323
9781587053320
0321304543
158705065
1587201623
0130462101
9780137149254
0201761769
9780137044245
9781587203206
9781847199744
9781849693684
158705115
9781849681728
9780321446114
1587201259
9781849683487
9781587057649
1587052083
0672323915
9781849681124
0321356705
9780137059263
0131001523
9781849684927
9780132906050
9781849517461
9780137154470
9781849514989
9781849514989
9781849686167
9780132685047
9781849682022
9781849683906
9781849685160
0201440997
1587051605
9781587140884
9781849681803
9780136083214
9781849513944
9781849682565
9780768685923
9781847194688
9780132904186
9781849511582
9780321703187
9780132271912
0321136209
9781587059919
9781783289592
9781782167587
9781782177685
9781782170969
9781782177661
9781782164722
9781783281398
9781782169239
9781782171881
9781782166788
9781782176824
9780132789493
9781849695664
9780321620637
9781782179757
9781849689984
9781849698184
9781782172062
9781782167525
9781783280070
9781783280810
9780132107891
9781782176763
9781782177708
9781783280551
9781783284733
9781782172352
9781782170648
9781783281633
9781783283279
9781782171546
9781783559329
9781782179856
9781783550999
9781849685221
9781782177005
9781782177463
9781782177364
9781782176701
9781782176961
9781782170464
0321197674
9781783282975
9781849681261
9781782163664
9781782168652
9781782170167
1587052210
9780132302074
9781782172109
9780321424778
9780672333989
0321228782
0321444426
0201748681
9781782172376
9781783559022
9781782172185
0131475738
0201794292
9780137022359
0201719568
9780133748703
10000
9780321559685
0321247442
9780137058846
9781932394689
9781935182528
9781849285513
9781782170068
9781849515849
9780133479119
9781783288649
9780735673601
9781118133156
9781118241325
9781597492997
0735620334
9780735642157
9780735674325
0735620474
9780735675346
0735614954
9780735625853
073562187
9780735668478
9780735625044
9780735620704
9780735642119
9780735624214
9780735651241
9780735625051
9780735625709
0735622450
9780735625259
0735622140
9780735651210
9780735663190
9780735624221
0735622809
9780735623859
9780735668614
9780735663152
9780735662124
9780735626263
9780735625204
0735617228
0735621888
9780735668843
9780735685215
9780735685567
9780735684232
9780735668386
9780735624474
9780735669734
9780735624375
0735620482
9780735625174
9780735685444
9780735685642
9781118093801
9781118116043
9780735662131
9780735663046
9781118027967
9781118235003
9781118282885
00320090102
9780321704917
55555
9781449303198
9781782179818
9781783559602
9781783285730
9780415826594
9781771370615
9780789740007
9780789740045
9781449357894
9780735685536
9781618661104
9780133442090
9781430261483
9780750648141
9781449368340
9780735684584
9781118343777
9781118494196
9780124171428
9780124047020
9780133384390
9780735684843
9780240525907
9780735682764
9780735684805
9780071790154
9780735674240
9780735684898
9780133489163
9780133489309
9780133511611
9781492001300
9781782179993
9781849686327
9781849685962
9781118651438
9780735685154
9780735685130
9781430249238
9781849689588
9781782166849
9781849685047
9781118474129
9781782162506
9781849686723
9781849684743
9781849689960
9781849688222
9781780171753
9781782161745
9781849699310
9781782170082
9781849694483
9781118235225
9780133135695
9781782165385
9781849694124
9781849687447
9781782167648
9781782179979
9780124077676
9780133400373
9781849696746
9780132731027
9780735679092
9780133374544
9781849689823
9781782168836
9781118680124
9781849689168
9780133510010
9781782170266
9780071742450
9780133150285
9781782170020
9781849695183
9780735679139
9780735679504
9780133378054
9781118753811
9780133585971
9781782171041
9780735682962
9781782163169
9781849689847
9780071794251
9780071817011
9780124166813
9780124116252
9781617291074
9780071760263
9780071800433
9781118661147
9780133413038
9781430260400
9780735682818
9781617290954
9781849689366
01220110017
9780768696899
9781782165507
9780133496888
9781782161202
9780133084832
9781849689243
9781449307035
55555
01201000008
01201000010
9781771371056
9780789740021
9780132617734
9781449306236
01220110070
9781782162926
9781771370349
9781491946848
9781491945513
9781849514866
9781449336103
9780133480788
9780470887998
9781849515580
9780071776165
9781118026472
9781430232643
9780071771566
9780321699985
9780132842280
9781593272883
9781593578114
9780470890806
9781118083192
9781587059407
9781449377465
9781118148693
9781449311223
9780132801348
9781782165149
9781849517324
9781118380956
9781118493946
9781849517409
9780735673663
9781782163589
9780071776202
9780735682917
9781782163466
9781449331054
9781118754795
9781118417942
9780133387568
9781849517423
9780071760942
9780071781749
9780071792066
9781849517485
9780132841795
9781849519229
9780735673212
9781849687966
9780132565110
9781849686945
9780133400304
9781782165842
9781782170440
9781627051378
9780071784351
9781118240304
9780735668690
9781782170006
9781849517386
9781118128985
9780132731645
9781849684187
9781782168256
9781457185175
9780132953870
9780133034158
9781782160106
9780133116007
9781849686303
9781849684941
9781849684026
9780735673090
9781118332108
9781118283301
9780133057324
9780133057324
9781849689182
9780133125344
9781849519182
9781449358921
9780133057225
9780735673038
9780133057584
9781782164067
9780132842228
9781118236239
9781849515665
9781119970484
9780071780285
9781849686662
9781782169765
9781849517744
9781449372576
9781849693608