9781351384810
9781439894354
9781439866399
9781466583627
9781466582514
9781466554061
9781466506145
9781439819517
9780415822572
9780415824736
9780415625135
9780415641456
9781849713016
9780415082945
9780863774829
9780863773532
9781841692197
9780415629539
9780415807777
9780415274722
9780415196321
9780881634013
9780415474825
9780881632248
9780881633054
9780805826036
9780881632392
9780805825862
9780805807264
9780876307656
9780415271189
9780415269919
9780415679558
9780415934824
9781439855997
9781439851906
9781933115009
9781853838439
9780415595568
9781844073580
9780415872300
9780805838954
9780415617710
9781848728394
9780415878081
9780750647441
9781439845226
9781439829080
9780415665230
9780415874144
9780415416535
9780415341035
9780415601740
9780415655613
9781439854853
9780415872669
9780415027892
9780415346351
9780415498357
9781439856154
9781439819746
9781599961361
9781466503090
9781400839384
9781593271947
9781592536757
9781492040194
9781466560185
9780805841190
9781592536184
9781466517929
53863
9781483102566
9780123849335
9780128006313
9781455731169
9781457166730
9781606509081
9783110516135
9781593271961
9781501500107
9781118940341
9780123704764
9781558609150
9781558606371
9780128015384
9783110518757
9780596102371
9781449336080
9780596157296
0596100604
9781449330071
9780691004129
9781631596414
9780128008911
9780323313032
9780128008768
9780123946003
9781466580367
9781466580886
9781439845158
9781482210958
9780123751065
9781466587250
9780596527587
200000006
9783110450675
9780691158075
9780691147338
9780691154589
9780691154565
9781400837779
9781558605947
9780444515308
9781558608900
9781558608290
9781558608085
9781597491129
9780123693884
9780123750938
9781843343899
9780124078147
9780857094223
9780124158733
9780124045781
9780857094346
9781597497428
9780123944030
9780857092298
9780124201552
9780128001394
9780857093479
9780124114654
9780123985323
9781843347415
9780857092380
9781843347484
9781843347835
9780128010273
9780080999982
9780857095015
9780124104228
9780857096562
9780128005187
9780323241427
9780081001189
9780124079472
9780128014165
9780128005552
9780128015032
9780123973108
9780081000366
9781455777549
9780124166493
9780123944351
9780081001615
9781843347712
9781843347187
9780081000632
9780128008812
9781843347309
9781843346715
9780128116630
9780323431729
9780323431736
9780128046197
9780128029862
9781449363871
9780124079090
9780124058880
9780123964595
9780126831924
9780934613507
9781558609327
9781634623797
9781119138358
9781118647509
9781119455394
9781119385288
9781118078587
9781786302526
9781786300348
9781119324577
9781119244332
9781119256908
9781119299707
9781945612718
9783527411320
9781119143468
9781119282563
9781118456057
9781119096962
9781119293217
9781119226383
9781119413653
9781118858493
9781118979341
9781118959015
9780470772683
9781118963807
9781118742129
9781119425397
9783110530841
9780124114791
9780465061624
9781634623537
9781631576898
9780128003435
9781466583283
9783110537963
9783110396607
9781439869819
9781498785532
9781498760089
9783110423518
9783110359923
9783110359947
9781284056327
9780415879675
9780444518910
9781945612374
9780240810003
9780240807485
9780240804903
9780240804866
9780240519241
9780240516516
9783110391404
9783110395709
9783110372588
9780691153896
9780691153711
9780691142173
9780691153568
9781558603530
9780415682602
9780080999197
9780128001141
9780128008522
9781873936900
9781598298345
9780691148540
9780691136042
9780691145075
9780691152707
9780691149660
9780691160160
9780691151007
9780691154220
9780691151199
9780691148298
9780691147758
9780691149042
9780691160412
9780691158204
9780691148922
9780691155395
9780691156552
9781400837953
9781400837717
9783110498059
9783110430493
9780071595421
9781567262995
9781567264494
9781400839582
9780240514802
9780691150994
9780124114708
9780124172487
9781782420842
9780128002513
9781492015642
9781482239867
9781491928110
9781788993333
9781400840595
9783110382068
9781284055917
9783110374247
9783110427295
9781449685348
9781449606022
9781449614973
9781449613525
9780081002551
9781284105971
9781439888544
9781608456192
9781608457830
9781351990738
9781946646712
9781631577734
9781785883279
9781315350363
9781491923337
9781634622998
9780081006795
9783110430509
9781626562080
9781944749262
9781439845479
9781606508589
9781946646750
9789352861620
9781606503911
9781606498330
9789332579149
9781606506707
9781606503812
9781606505755
9781934441237
9781634622790
9789332579194
9781466505629
9780471687177
9781492023999
9781492023951
9781492023876
9783527323456
9781492023890
9781492023937
9789352861217
9781466560574
9781466503274
9783110450613
9780470121689
9781118434413
9780128040560
9780128044063
9780128026441
9781449645151
9780128054246
9780128097229
9780081007402
9780128040546
9780128032114
9780081003268
9781118799642
9780081003022
9781118436646
9780128029879
9780128050811
9780128034491
9780128103982
9780128032190
9780128028681
9780081002902
9780128039854
9780128092934
9780128044766
9780128039281
9780128024294
9780128051924
9780081004487
9780124095496
9780470061046
9781605091471
9781439858073
9781631591150
9780128110454
9783110416329
9783110480306
9783110373981
9783110381290
9781439898222
9783110386165
9780128093061
9781680450590
9780323429979
9780128097939
9780323461498
9780128113646
9780128099032
9780128054567
9780128038529
9780128123980
9781118911518
9781118613474
9781848219168
9781119286370
9781119296331
9789332540804
9789332558274
9780323429962
9780081019474
9788131774939
9781400874477
9781592577224
9781615645046
9781439875735
9780596808365
9780081012277
9781615643622
9781465458056
9781634622127
9780128007099
9781101217146
9781400830398
9781400834068
9781400834075
9781400826155
9781400837007
9781400831104
9781400838813
9781400826186
9781400838158
9781400830930
9781400847495
9781400840748
9781400846498
9781400838479
9781400838561
9781400839018
9781400838837
9781786300577
9781119276227
9781606509142
9780128026465
9781465454126
9781785887918
9781119069119
9781848219922
9781465454089
9780470699621
9781465439277
9781119022138
9781848216167
9781118880005
9781848218123
9781848218482
9781118929490
9780134177540
9780128006689
9780691158211
9781449334505
9781629605302
9781400824045
9781400848607
9780691147154
9780081019399
9780081005170
9780081003251
9781439880197
9781466504318
9781466507296
9781627053426
9780323390811
9780128123140
9780128095126
9780128097618
9780128124970
9781843346272
9781843346302
9781843346838
9781843347026
9781843346845
9780128034644
9781400831401
9781634621885
9781843346371
9781843346159
9781843347088
9781843346999
9781843347071
9781843346821
9780128032138
9780128025468
9780763751777
9781449624675
9781449604424
9780080582610
9780128093559
0619148195
0619075600
1560524480
759007
758806
9780133902914
9780081005620
9781400866649
9781491959985
9781400848379
9781400848126
9781400844685
9781606507261
9781119239178
9781848219175
9781119285427
9781119223566
9781118922279
9781631575518
9781631574467
9780470472019
9781606495032
9781491970621
9781680451160
9781606505571
9780128041239
9781484213230
9781484218921
9781491961520
9781498798549
9781631573309
9781119003618
9781848217546
9781118642696
9781400833894
9781118390184
9781400850310
9781118460887
9781910649787
9781439892435
9781439864951
9781420091021
9781633430181
9781118446713
9781848219199
9781848214224
9781606507483
9781631574306
9781430203483
0738453234
0131014005
9780465040001
1560520043
9788131708323
9780470534922
0735713901
9781400846337
9780123822215
9781606503508
9788131760611
9788131714058
9788131731925
9781284070408
9781598639865
9780465098699
9780123972705
9780128010013
9780750685337
9780444508133
9780470016916
9781466575578
9781284077261
9780134389974
9781631573903
9781606508480
9781606507629
9780465073863
9781785884931
9780470905883
9781118783184
2235584135001
9781135016531
9781466579569
9781606502655
9788131760307
9780596526856
9781784395148
9781783984749
9781848217980
9781629594385
9781629594583
9781680450378
9780128020166
9781119062769
9781119084853
9781606508206
9781119013211
9780857190864
9781118943977
9781118914373
9781118954638
9780470660232
9780134214337
9781118856116
9781491938737
9781119993438
9780080514895
9781631573125
9781606505892
9781606508862
9780465073481
9780465080731
9781935618836
9780128018002
9780081000878
9781118174920
9781400832347
9780123814852
9781606505199
9780071718004
9781284056242
9780128014820
9780081002773
9780081006719
9781118311738
9781118679142
9781118831984
9781118629987
9781118730058
9781118947104
9781118870228
9781118940013
9781606500569
9781617293153
9781118887172
9781118882696
9781422143247
9781631570100
9780081001882
9780081002223
9781491907504
9781491901564
9780128022122
9780768691566
15243
9788131711071
9789332524231
9789332524163
9788131795682
9788131793510
9788131774700
9781780677224
9781317612469
9780134187204
9780134188010
9780134187235
9780134188041
9780134187211
9780134188034
9780134187198
9781626564275
9780123751829
9780081001219
9780323313025
9780128015223
9780081001400
9781118841525
9781119003137
9781118981115
9780814434178
9781119015246
9781119966081
9781118853962
9781118852392
9789332514843
9789332515130
9789332512085
9781118898901
9780471232315
9781457186882
9781457189845
9781118866856
9781118841853
9780061744150
9781118821251
9781118791332
9781118764244
9781118763148
9781118169827
9781118593790
9781118595961
9781118572917
9781118546383
9781118456514
9781118421529
9781118701553
9781118645826
9781118634516
9783527337279
9781118367391
9781118235522
9781118762905
9781444354324
9781118737699
9781118637562
9781118933176
9781606498187
9781606503065
9781118958278
9781631570599
9781118866368
9781118782521
9781118694022
9781118593134
9781118479322
9781118340455
9780470904114
9781780676388
9789332537477
9781491908822
9781491908785
9781491908846
9781118810088
9781941222546
9789332524408
9781556229114
9789332514607
9789332524187
9788131730980
9781601633279
9781606495308
9789332503625
9789332508149
9789332514812
9789332503526
9789332508163
9781782161622
9789332524613
9781606499580
9781606505021
9780120884810
9780127539607
9781491907344
9781601633460
9788131710258
9788177587951
9788131768617
9788131760796
9788131771686
9788177589818
9788131770221
9788131760949
9788131729434
9788131760048
9788131758519
9788131710272
9788131732915
9788131729441
9788131730812
9788131726648
9788131725672
9788131719299
9788131716014
9780133991048
9788131763544
9788131772775
9788131760444
9788131733127
9788131761199
9780080548203
9780123745019
9781783282999
1565920511
9788131756416
9780134037653
9781909652682
9781626562691
9781118914748
9781118939284
9781118923856
9781118904435
9780124448162
9780123979322
9781118895061
9781118767023
9780415818612
9781118589625
9781118594971
10013
9781118804926
9781609949853
9788131775141
9788131761229
9788131734476
9788131731444
9789332524361
9781491910498
9780471746966
9781615644407
9781615643165
9781400826483
9781400839322
9781400826162
9780815515784
9780127597515
9781576751787
9781400826940
9780465020850
9781118210543
9780815520238
9781400829903
9781400833320
9780123705471
9781576755396
9780137038879
9781860584619
9781576759363
9780470022634
9781118615133
9781400839292
9780471736103
9781562865986
9781400826179
9789332503366
9788131721186
9781118394236
9781400827794
9781400833467
9780470009604
9780471779711
9780470081464
9780123735621
9781118210567
9781400835539
9781562864842
9781400831906
9780471624639
9789332503359
9780471716426
9780471443384
9780471967927
9788177587647
9781615641826
9781849281317
9781435461222
9781305108943
9789332511231
9781400835782
9781305085169
9781491904077
9781430259299
9781118411650
9781856697354
9781598639834
9781118347898
9781118287804
9781118360118
9781118346983
9780465031740
9781118387412
9781118309803
9781118356302
9781118014783
9781118311011
9781576759882
9781576755938
30000
9781400826964
9780471662570
9781592578658
9780465050673
9780470869024
9780470027110
9780470180938
9781400837052
9781435456273
9781400834457
9780691148908
9781400834440
9780132475655
9781400839544
9780132623117
9780132687393
9780470974568
9781118031834
9780132610063
9780137083602
9780132762793
9780465027941
9781400834754
9781400839001
9780596514921
9780132610049
9780132466301
9781400840564
9781118097809
9781119964308
9780132466349
9780132613866
9781562867300
9781400836116
9780132172851
9781400837380
9781118017067
9781400840571
9780132686259
9781562867065
9780132686280
9781118088128
9780137052783
9781435457881
9781615640355
9781118623527
9781118620632
9781118601136
9781118744468
9789332503441
9780470538715
9780470458242
9789332503311
9789332503465
9780071626538
9780123747747
9780080449579
9781118058206
9781848211414
9781907568978
9781845697266
9781843347323
9781843345893
9781843347439
9781843345442
9781843347293
9781843347200
9781843347606
9781843347002
9781843346692
9781843346197
9781843346685
9781843347361
9781843347095
9781843346807
9781843345961
9781843347125
9781843346425
9781843346654
9781843346722
9781843346357
9781843345862
9781843346104
9781843345060
9781843346326
9781843346449
9781843346265
9780857092250
9781843345992
9781843345169
9781843346388
9781843346128
9781843346432
9781843345145
9781843345466
9781843345428
9781843345084
9781843346333
9781843345381
9781843345725
9781843345541
9780857092403
9781843345978
9781118828069
9781843343479
9780857092236
9781118825792
9781118828137
9781118838914
9781935504696
9781118084342
9781400838998
9781400839049
9781437778632
9781606501009
9780465023356
9780132780957
9781608458264
9781118010860
9781118621707
9781118106853
9781400838516
9781400832903
9781400840588
9781118102244
9789332515697
9781118103647
9781608456550
9781118148402
9781118017814
9781437735208
9781118602157
9780470922699
9780470542040
9781118092989
9781118791998
9781118827574
9781118840429
9781843346005
9781843345909
9781843345695
9781843345671
9781843345336
9781843344377
9781843343936
9781843342939
9781843347231
9781843346548
9781118549339
9781845699840
9781857883756
9781843346081
9781843345855
9781843345916
9781843345985
9781843345800
9781843344919
9781118563014
9783527654963
9781118587775
9781118271926
9781118577226
9781118547625
9781118241332
9781118204481
9781118586273
9781118270073
9780273776017
9789332503502
9780465033294
9780691153315
9788131760772
9781435458888
9781118434505
9789332515635
9780470631577
9781118401330
9781118478158
9781118259535
9781118101179
9781119940906
9781118354230
9781118166406
9781627050050
9781118563069
9781118235294
9781608457045
9781430240860
9789332515659
9780470562949
9781849284516
9781118229620
9781118304037
9780691102849
9781608458417
9780470688694
9780691102863
9781118314333
9781118170700
9781118140659
9781118394328
9781609946647
9781606500620
9781608458103
9780691154640
9781449336530
9781606494059
9780080982069
9780123971784
9780123869647
9780124159785
9780123982773
9780123970138
9780124170131
9780124166486
9781118553299
9780691155647
9781612902166
9781845698027
9781907568190
9781845696351
9781845697396
9781845695682
9780857090737
9781118567814
9781118612354
9781118650233
9781845697839
9780857090119
9781907568787
9781606506042
9781118548530
9781118605837
9781118634554
9781843346609
9781118863572
9781598639803
9780123694706
9780470148310
9780470686157
9780470487648
9780470272848
9781118231326
9781118211588
9781119978602
9781118294406
9781118359778
9780470598740
9780470978443
9780977140022
9781118555484
9780470085851
9781118239599
9780132684446
9780071591447
9789332501423
9780470096994
9789332515567
9780470542811
9781118605295
9780470598948
9781400838134
9780133359008
9780124071636
9781400839117
9781400834433
9781400830886
9781400829675
9781118593097
1565926641
9780596514006
0596007795
9780596802257
0130550728
0131010115
9780132446433
0131927566
9780132442558
0201737906
0131453076
9780132441902
9780132442237
9780132442343
9780132826143
9780132441933
9781606502600
9780470496343
9781118008959
9780132442404
9781605098173
9781605092669
9781400833092
9781118586341
9781118603246
9781118603321
9780120884001
9780787957858
9781118239407
9781605092638
9780768683912
9780470928639
9781400824441
9781849517249
0596101538
9780596517786
9781449365448
9781612906775
9781118548356
9781606506219
9781118506172
9781609949891
9780444543233
9780124077959
9780124157804
9780444527301
9780124046245
9780123978790
9780124016651
9780124104075
9780124159020
9780123971944
9780123971777
9780123859778
9780123859990
9780080464053
9781610391146
9780123971746
9781118548509
9781118446454
9781118446614
9781118548318
9781118460863
9780071765633
9781119944874
9781118274286
9781118514931
9781609947132
9781118458624
9780415810432
9781118417201
9781118533871
9781118553992
9780415165686
9781118637586
9781118591635
9780071799669
9781612906751
9781118513545
9780133391794
9781617290848
9780691139685
9781118592885
9780321684721
9780470911082
9780123694652
9781449330187
9781449361129
9781449361006
9780071790598
9781449382001
9780470458365
0596101643
9781598639827
9781598639810
9781449336370
9780470458365
0596101643
9781598639827
9781598639810
9781449336370
9780470458365
0596101643
9781598639827
9781598639810
9781449336370
9780470458365
0596101643
9781598639827
9781598639810
9781449336370
9780470458365
0596101643
9781598639827
9781598639810
9781449336370
9780470458365
0596101643
9781598639827
9781598639810
9781449336370
9780470458365
0596101643
9781598639827
9781598639810
9781449336370
9780470458365
0596101643
9781598639827
9781598639810
9781449336370
9780470458365
0596101643
9781598639827
9781598639810
9781449336370
9780470458365
0596101643
9781598639827
9781598639810
9781449336370
9780470458365
0596101643
9781598639827
9781598639810
9781449336370
9780470458365
0596101643
9781598639827
9781598639810
9781449336370
9780470458365
0596101643
9781598639827
9781598639810
9781449336370
9780470458365
0596101643
9781598639827
9781598639810
9781449336370
9780470458365
0596101643
9781598639827
9781598639810
9781449336370
9780470458365
0596101643
9781598639827
9781598639810
9781449336370
9780470458365
0596101643
9781598639827
9781598639810
9781449336370
9780470458365
0596101643
9781598639827
9781598639810
9781449336370
9780470458365
0596101643
9781598639827
9781598639810
9781449336370
9780470458365
0596101643
9781598639827
9781598639810
9781449336370
9780470458365
0596101643
9781598639827
9781598639810
9781449336370
9780470458365
0596101643
9781598639827
9781598639810
9781449336370
9780470458365
0596101643
9781598639827
9781598639810
9781449336370
9780470458365
0596101643
9781598639827
9781598639810
9781449336370
9780470458365
0596101643
9781598639827
9781598639810
9781449336370
9780470458365
0596101643
9781598639827
9781598639810
9781449336370
9780470458365
0596101643
9781598639827
9781598639810
9781449336370
9780470458365
0596101643
9781598639827
9781598639810
9781449336370
9780470458365
0596101643
9781598639827
9781598639810
9781449336370
9780470458365
0596101643
9781598639827
9781598639810
9781449336370
9780470458365
0596101643
9781598639827
9781598639810
9781449336370
9780470458365
0596101643
9781598639827
9781598639810
9781449336370
9780470458365
0596101643
9781598639827
9781598639810
9781449336370
9780470458365
0596101643
9781598639827
9781598639810
9781449336370
9780470458365
0596101643
9781598639827
9781598639810
9781449336370
9780470458365
0596101643
9781598639827
9781598639810
9781449336370
9780470458365
0596101643
9781598639827
9781598639810
9781449336370
9780470458365
0596101643
9781598639827
9781598639810
9781449336370
9780470458365
0596101643
9781598639827
9781598639810
9781449336370
9780470458365
0596101643
9781598639827
9781598639810
9781449336370
9780470458365
0596101643
9781598639827
9781598639810
9781449336370
9780470458365
0596101643
9781598639827
9781598639810
9781449336370
9780470458365
0596101643
9781598639827
9781598639810
9781449336370
9780470458365
0596101643
9781598639827
9781598639810
9781449336370
9780470458365
0596101643
9781598639827
9781598639810
9781449336370
9780470458365
0596101643
9781598639827
9781598639810
9781449336370
9780470458365
0596101643
9781598639827
9781598639810
9781449336370
9780470458365
0596101643
9781598639827
9781598639810
9781449336370
9780470458365
0596101643
9781598639827
9781598639810
9781449336370
9780470458365
0596101643
9781598639827
9781598639810
9781449336370
9780470458365
0596101643
9781598639827
9781598639810
9781449336370
9780470458365
0596101643
9781598639827
9781598639810
9781449336370
9780470458365
0596101643
9781598639827
9781598639810
9781449336370
9780470458365
0596101643
9781598639827
9781598639810
9781449336370
9780470458365
0596101643
9781598639827
9781598639810
9781449336370
9780470458365
0596101643
9781598639827
9781598639810
9781449336370
9780470458365
0596101643
9781598639827
9781598639810
9781449336370
9780470458365
0596101643
9781598639827
9781598639810
9781449336370
9780470458365
0596101643
9781598639827
9781598639810
9781449336370