9781547400652
9781400874477
9780133491791
9781400839384
9780415839266
9781606509081
9780750634250
9781597491129
9781119962298
9789352861804
9780691149042
9780691148922
9780071775168
9781284105971
9781501507366
9789332578937
9780240519739
9783110416329
9789332558380
9781455731510
9781400830398
9781400834075
9781606509104
9781484218921
9781439892435
9781430203483
9780750685337
9780128020166
9780470660232
9780071718004
9781284056242
9781118141809
9781118636374
9781118749838
9781118866368
9781118782521
9781680451160
9781484218921
9781439892435
9781430203483
9780470371459
01120100001
9788131714058
9780750685337
9780128020166
9780470660232
9780071718004
9781284056242
9781118141809
9789332515130
9789332503649
9789332503632
9781936661787
9781118636374
9781118749838
9781118866368
9781118782521
9781941222546
9781626563179
9781491910498
9781615643165
9780470047255
9781305085169
9781491904077
9781400836116
9781435457881
9781118617373
9789332515611
9789332503441
9789332503342
9781118828069
9780857092236
9781118791998
9781118235157
9781119993674
9781118204481
9781118229620
9780691102849
9781609948054
9789332515703
9780691155647
9781118345207
9789332515567
9780124071636
9781449317928
9781449334758
9781847196446
9780132442145
9780133829198
9781562865092
9781118600535
9780071784900
9781430264842
9780470458365
9781598639827
9781598639810
9781118791998
9781118235157
9781119993674
9781118204481
9781118229620
9780691102849
9781609948054
9789332515703
9780691155647
9781118345207
9789332515567
9780124071636
9781449317928
9781449334758
9781847196446
9780132442145
9780133829198
9781562865092
9781118600535
9780071784900
9781430264842
9780470458365
9781598639827
9781598639810