9781317197881
9781465486226
9781523098279
9781631595608
9781631595660
9780415875899
9780415503693
9781944749200
9781944749606
9780123964595
9783110395211
20240
9781119283102
9781945612299
9789814721288
9780814436646
9780738441481
20264
20247
20276
20248
20251
9781118314869
9781908926517
9781118946992
9781783001347
9780071839501
9788131758441
9788131732175
9788131771624
9788131754290
9781118375891
9781118191989
9780128052679
9780123964595
9780124160378
9780415840859
9781138775008
9781119454847
9780415782722
9780240810294
9780240809670
9780240808512
9780240808314
9780240806822
9780240806969
9780240804163
9780240516349
9780240516103
9780240516356
9780240519067
9780240516028
9783110391404
9781136029936
9781631575365
9780240522241
9780415650489
9783110395211
9780857086693
9781119412199
9780814438862
9780857192967
9780814429167
9780814409664
9780814438909
9780814438985
9780814438299
9781317396291
9780814438695
9780814438541
9781430262626
9781430248392
9781430246442
9781317579618
9780240519265
9781576755143
9780857086662
9780071800716
20240
9781440696756
9781465458032
9781465441072
9781465450678
9781440696787
9781440696893
9781631575761
9781465457752
9781119283102
9780730324218
9781631576010
9781945612299
9780137143191
53863
9780857086631
9781136026898
9781607282181
9780857086570
9789814721288
9789814751490
9780814436646
9780787977351
9780470372814
9780756637095
9780738441481
9780857195333
20264
20247
20276
20248
20251
9780273743248
9781259586194
9781136024573
9780814410448
9780814415436
9780071816496
9780857192813
9780730322535
9781936661572
9781118857809
9781119061380
9780857192905
9781422171776
0131428969
9780415698726
9781118997468
9781118948224
9781118314869
9781908926517
9780071849357
9780470738665
9781118946992
9781118735381
9781118737026
9781783001347
9781626563339
9781118834251
9788131719886
9781449306175
9789814634779
9780071839501
9788131771686
9788131760581
9788131758441
9788131732915
9788131732175
9788131725672
9788131772775
9788131733127
9780071839471
9788131771624
9788131761168
9788131754290
9788131707876
9789814634892
9781118375891
9781844070466
9781609949853
9781605094090
9780123745354
9781606500002
9780136007364
9781615429677
9781118459355
9780137032921
9780137049066
9781576755174
0321438434
9780768683875
032149217
9780761214106
9780123745224
0321413660
9780470275573
9781562864880
0789735741
0789734559
9781590599051
9780470149263
9780240807249
9780470465226
9780240519289
9780240515717
9780240810249
9780132345309
9780132487207
9780761214793
9780132460941
9781118159033
9780132485128
9781843347422
9781118900390
9780750680547
9780132498296
9781430236597
9781118004456
9780814417508
9780857094643
9781118498682
9789332501461
9780273763031
9789814398909
9781430249627
9781606493649
9781628250336
9780240811864
9781606494097
9781118677247
9781118115749
1565926617
9781449306281
0596100663
0132320401
9781849510943
9780132366571
9780132442497
9781847198129
9781847197641
9780321489999
9780137040544
9780131389199
9781118602225
9781118191989
9781118172971
9781430244943
9781449305970
9781118406199
9781118741771
9781118653548
9781118607428
9780133353471
9780415165686
00320090119
9781118466940
9781449330057
9781849510943
9780132366571
9780132442497
9781847198129
9781847197641
9780321489999
9780137040544
9780131389199
9781118602225
9781118191989
9781118172971
9781430244943
9781449305970
9781118406199
9781118741771
9781118653548
9781118607428
9780133353471
9780415165686
00320090119
9781118466940
9781449330057