9781138027756
0735622140
9781492042747
9780596801786
9780124078178
9781788620604
300000006
9780128016350
9781597492096
300000006
9781597495431
9781597495868
9781597497428
9781786300621
9781564148407
9780134755885
9781578202355
9780128005651
9780124115705
9780071663472
9780128000229
9781118417058
9781484298671
100000006
9781788621465
9781491938836
9780071633567
9780128036303
9780134693644
9781430247319
9781491982426
9781400838158
9780128038208
9780128045015
9781492018544
9781118475201
9781788473736
9781788620604
9781788627252
9781492067672
300000006
9781597492133
9781597491013
9781931836579
9781788622059
9781788295666
9781118895504
9781315350219
9781466564527
9781788997409
9781789533972
9780133475487
9781787129481
9781788392501
9781788624039
9781789340297
300000006
9781597496278
9781597496551
9781789530612
9780128016350
9781597496438
9781597492096
9781597492287
9780750657211
9781789530193
9781788990615
9780120884773
300000006
9780134893112
9780134854564
9780596803353
9781788622998
9780596510305
9780134854779
9781597491280
9781932266658
300000006
9781789341478
9781789346145
9781789341676
9781789340013
9780128021453
9781788831741
9781786468581
9781482252200
9781931836562
9781928994701
9781597492980
9781597492683
9781597495431
9781597495493
9781597495356
9781597495967
9781597495868
9781597496230
9781597494724
9781597491761
9781597491235
9781597490740
9781597496612
9781597496452
9781597492089
9781597499514
9781597499620
9781597497312
9781597499934
9780124116443
9780124166004
9781597499859
9780124199705
9780124172081
9780124166882
9780323310161
9780124166721
9781597499927
9781597497428
9780124166899
9781597494700
9780124199675
9780128007518
9780128001103
9780128027318
9780124201149
9781597494250
9780240824147
9781118647509
9781788390279
9781786300621
9781119390640
9781597497305
9781564148407
9781788623179
9781788624480
9781908043863
9780134755885
9781578202454
9781578202355
9780240521701
9780240804279
9780240516370
9780240516141
9780240516394
9780240516431
9783110395532
9781788295970
9781788626583
9780128005651
9780124115705
9781788831925
9781351645768
9780071663472
9781788624596
9781783554089
9780128000229
9781484230480
9781118417058
9781482206470
9781788291101
9781788991131
9781788999496
9780081006795
9781484298671
100000006
100000006
9781351381345
9781628251111
9781628251104
9781523082780
9781787125742
9781484226070
9781317363583
9781788628396
9789332579125
9781634622813
9781788621465
9781292156033
9781491938836
9781523083602
9781491962831
9781849280259
9781788291606
9780240522104
9780134833989
9781784395049
9781785281518
9781785282324
9781783988525
9781788297134
9781466506718
9781786466075
9780128027165
9780071633567
9780128036303
9780134693644
9781787288744
9781606498859
9781430247319
9781430219149
9781593272906
9781786466273
9781491982426
9780128054734
9781119367680
9781786462978
9781787129047
9781491978375
9781848219892
9780128034934
0596003145
9781787287839
9781400838158
9780128038208
9780128029824
9780071825757
9781119022138
9781491911044
9780081019399
9780128045015
9781491967874
9781492018544
9781785284588
9781787128187
9781491972045
9781786463166
9780128036013
9781785883491
9781118475201
0130462233
0131014056
9781782161288
9781118939482
9781484218662
9781785280696
9781783554096
9781782168492
9780128019634
9781119010296
9781119087519
9781785887109
9781119133360
9781785280351
9781119154686
9781784395810
9781785283154
30000
0789727838
9781785883378
0672328097
9780470586860
9780321515483
1587051435
9780470747612
9780470011942
9781491957875
9780128045428
53863
9780133475470
9781771375498
9781782162223
1587201216
9780764568466
32562
9781484216484
9781466592612
9781484216972
9781785883255
9781118987056
9781771375245
9781317516422
9781631572555
9780071819756
9781118976722
9781118194638
9780134033549
9781119041122
9781422148037
9781422163184
9781422142318
9781422183236
1578702402
9780134031613
9781784392932
9781119026198
9780128019672
9781771373555
0130669431
9781118824993
9780321515483
1587051435
9780470747612
9780470011942
9781491957875
9780128045428
53863
9780133475470
9788131758694
9781771375498
9781782162223
9780071626699
1587201216
9780764568466
32562
9781484216484
9781466592612
9781484216972
9781785883255
9781118987056
9781119028758
9780071847148
9781771375245
9781317516422
9781631572555
9780134278223
9780071819756
9781118976722
9781849287173
9781118194638
9780134033549
9781119041122
9781422148037
9781422163184
9781422142318
9781422183236
1578702402
9780134031613
9780967294049
9781784392932
9781119026198
9780128019672
9781771373555
0130669431
9781118824993
9781784399764
9781118738573
9781118046616
9781782163183
9781606498927
9780132853835
9781484201480
9780132756174
9781484208472
9780133835793
9780470823408
9781771372923
9788131729427
9781606504789
9788131760444
9780071839761
9781430258131
9781780172200
9781606497609
073843941
9780071833776
9781849285766
9781849285803
9780133385618
0738439517
0738439592
9780131873667
9780470030363
9781849282079
9781576757833
9781849281058
9781849281171
9781782163121
9781783284771
9781607286028
9781457185342
0672328348
9780470179864
9780471439950
9780470052358
9780470194959
9780814409060
9781576754627
9781597491662
9780240810140
01220110074
9780857080462
9780132658270
9780321694447
9780123742674
9781593271916
9781609940621
9780137079650
9781931971706
9781118620670
9781849281188
9781908864062
9781430236443
9781440322976
9781440322983
9781849283588
9788131758458
9780132821490
9780789741790
9781843346562
9780133154573
9781118310205
9781118562741
9788131767054
9781849285193
9780133481181
9781118218303
9781849280297
9781118744932
9781597492560
0735712654
9780470068526
9780471455981
9780071740647
9781133935612
9781118067659
9781118084472
9780470972595
9781849283731
9780470170779
0672328135
0672327376
9781430231417
9780470613030
9781604276749
156592682
9781449314743
9780137002948
0596006438
9781847195968
9781847194282
1587201631
1587051672
9781587204142
9780321434838
1587050749
9780137155880
9781587052705
1587052539
0131015494
1587051176
1587051893
9781587053320
9781587141287
0201761769
9781587203206
1587052083
1587052113
9781587053368
9781849681704
9780321647672
9781849513944
9781782169239
9781782166788
9780321620637
9781783282296
9780132478373
9781783550999
9781783282975
9781782163664
0201719568
9780321559685
9781606496909
9781118241325
0735711712
9781849281287
9780131370227
0735620334
9781933952307
9781449357894
9781449338053
9780857084002
9781849689083
9780124045576
9780240809595
9780133384390
9781849284547
9780273712534
9780132853774
9781849694483
9781849694124
9780133352528
9780133372991
9780133153156
9781118496367
9781780171548
9781118238936
9780071794251
9781626560734
9781782165507
9781782161202
9781449396176
9781782162926
9781771370349
9781856177474
9781849515580
9780071776165
9780321694478
9780321694874
9781593272883
9781587059407
9781118380956
9781782163589
9781849517423
9780071760942
9780071792066
9781849517485
9781457185175
9781849697149
9780071780285
9781617290275
9781849517744
9780240812816
0321246772
9780470095898
9781587140051
9780470502495
9781847197689
9781782164500
9781771370998
9780596804084
9781849517485
9781457185175
9781849697149
9780071780285
9781617290275
9781849517744
9780240812816
0321246772
9780470095898
9781587140051
9780470502495
9781847197689
9781782164500
9781771370998
9780596804084