9780596804244
9780596157944
9780768687996
9781593272746
9780470527665
9781587059377
9780470477076
9781847197689
9781118075388
9780071602174
9780132888394
9781587059117
9780133479904
9781771370790
0596100574
0596008406
9781457102424
9780133485936
9780133033496
9781449307974
9780132808200
9781848218079
9781466582521
9781351647175
9781315354415
9780415668613
9781491901410
9780857096616
9781789613209
9781788994019
9781484210734
9781592539611
9781592536122
9781592536207
9781786463593
9781484235645
9781592538584
9781592535675
9781484234440
9781789610420
9781592538485
9781484236406
9781680502794
9781439898130
9781439898130
9781491903063
9781491917565
9781788834247
9781484236031
9781491927274
9780124199842
9781788998017
9781634623728
9781592536900
9781484236338
9781787287938
9781598220070
9780273727347
9781482224122
9781491975664
9781592537389
9781617292231
10000
9781788392563
9780128013977
9780123884350
9780123850171
9780123745156
9780123742650
9780750685399
9780750650649
9781788832502
9781788621113
9781788625258
9781492067603
9781789136999
9781788839570
9781449359713
9780596801670
9780596155858
9781449340391
9781449359812
9781449344900
9780596806682
9781449380205
9781449321482
9781449321482
0596000707
9781449334437
9781449334437
9781491947548
9781491947548
9781449314835
9780596527358
0596101805
9781449331375
9781449330071
9780596800598
9780596519780
9781449364724
9780596802424
9781449373801
0596006624
9781449372927
9780124171374
9781788390040
0131177052
0321127420
9783110435580
9780133440133
9781788291897
9781789347357
9781788397827
9781680500622
0596007124
9781788831383
9781284123043
9781788620642
9780123706041
9781492037750
9781492039006
9781558607347
9781928994749
9781558603486
9781558608535
9780123540515
9781558606593
9780123743640
9780123705938
9780120887989
9780123815415
9780123786074
9780123744944
9780123735911
9780123814142
9780123742100
9780750684552
9780123877666
9780123884268
9781558606487
9780123849236
9780123847171
9780123725127
9781597497336
9780124160446
9780124159341
9780123821966
9780124159921
9780124058941
9780124159938
9780240824086
9780124077416
9780124160187
9780124077737
9780124077720
9780124169708
9780128001622
9780128002056
9780124077812
9780124202320
9780124071711
9780124158177
9780124167438
9780128009383
9780128001615
9780128001608
9780124170094
9780124104648
9780124170452
9780128007259
9780124186736
9780124186736
9780123838735
9780080571157
9780123695291
9781558603547
9781558607002
9780124096738
9781558607873
9780415824293
9780415810135
9780415834414
9780240823720
9780240823942
9780240820422
9780240815336
9780240818757
9780240816067
9781351733649
9781449324735
9781788628242
9781788399487
9781119482086
9781492067559
9781788990677
9781789134377
9781492027089
9781789130157
0596008678
0596008678
9780134494272
9781449341954
9781492038986
9781119386995
9781786300386
9780240811475
9781788839792
9781788625456
9781788293884
9781634623551
9781484234327
9781908043863
9780124159334
9781558608610
9781491958858
9781789138894
9781492028116
9781449334840
9781466583283
9781482258394
9781491983638
9781789131048
9781617294259
9781788478854
9781788473927
9783110423518
9783110359923
9783110359947
9781788474030
9780240814506
9780240814711
9780240814810
9780240814773
9780240814285
9780240812038
9780240811376
9780240809779
9780240810737
9780240808628
9780240808062
9780240808970
9780240806228
9780240520346
9780240516172
9781789130591
9781789136128
9781789131543
9780955832802
9781908043856
9781908043368
9780123705914
9780123914903
9781558603530
9780120885251
9780123750921
9780123973375
9781787287495
9781788297752
9780132990455
9780071782722
9780071810043
9781788472395
9781484233368
9780134512389
9781788830034
9780134694306
9781788627825
9781788624428
9781492001454
9781788997768
9781491937983
9781617291807
9781785884306
0738491950
9781788472180
9781788998994
9781608451159
9781627055239
9781492030317
9781788471640
0596008740
9781786469878
9781315388007
9781788993609
9781634622950
9780596519407
9781492030492
9781491998991
9781484219195
0321245628
9781788390019
9781484218020
9780133488869
9780321635778
9780133439182
9780321635754
9780321635792
9780691147147
53863
9780080921785
9781491943199
53863
9781439862551
9781946646323
9781788626767
9781618661524
9781491985274
9781788391184
9781788299459
9781788628815
9781484222027
9781484224519
9781484222119
9781786460677
9781491980705
9781482217667
9781484222928
9781484226049
9780596526801
9781491972724
9781788621885
9781491986356
1592005829
9780470554234
9781484222164
9781484228371
9781482227376
9781634622738
9781788393256
9781491996300
9781849515740
9781849518307
9781849517829
9781849518109
9781787284586
9781788390477
9781783981366
9781783987665
9781784396039
9781785284151
9781491928363
9781786467126
9781785889622
9781786460851
10000
9780136083238
9781780172774
9781788628648
9780470121689
10000
9780763754204
9781439826973
9781491972373
9781430237808
9781618661470
9781908043351
9781788476980
9781598220599
9781598220315
9780134843803
9781788397377
9780128093382
9781788296724
9780134843810
9780128039588
9781788292368
9781788299237
9781430247616
9781786469809
9781457185328
9781491923283
9781787285972
9781786464729
9781786468154
9781633221710
9781786468888
9781785889349
9783486990911
9781788398039
9781482222210
9781439852798
9781439849163
9781491980330
9781491984338
9781491980354
9781680450712
9780128122334
9781491989272
9781491989197
9781491989234
9781848218130
9781119330493
9780133084993
9781633430273
9781617293023
9781449363918
9781491976203
9781786461803
9780134034478
9781786460714
9781491962213
9781617291807
9781786466204
9781491954072
9781449362638
9783110451597
9783945749456
9781599639697
9781786466150
9781787287648
9781439893777
9781439867754
9781420010336
9781259860218
9781484219461
9781400837069
9781400839025
9781491975701
9781634621816
9780128038208
9780128027714
9780128032855
9780128025413
9780128039380
9780128038901
9780128008010
9781784391454
9783527341191
9780133858709
9781491978665
9780124105065
9780124115439
9780134177540
9781615645015
9781118893647
9781457169618
9781634621939
9781466552975
9781439819906
9781786465153
9780128121665
9781491976142
9781284033144
9780133986419
9781491937082
9780134464701
9781491958490
9781491970706
0321117891
9781926873800
9781491919705
9781491975657
9781491943816
9781492017844
9780128037881
9781787122031
9781930110977
9781617292583
9781492017523
9781492018049
9781785288418
9780128028919
100000006
9781785280832
9783110407655
9781908043177
9781906717421
9781908043320
0201715945
9780470516355
0201914654
9781908043542
9781680500035
9781634621571
9781491961261
9781491972526
9781492017493
9781491971437
9780134661742
0131482017
01120090001
01120100006
9780134495514
9781491956328
9781491924532
9781317536574
9781484200704
9781491968369
9781491963937
9781785885457
9781785287428
9781785882166
9780134394909
9780134181073
9781618660442
9781618660534
9781618660916
9780134394572
9780134076461
9781848218963
9780133153217
9781491944363
9781785281617
9781617292231
9781617292507
9781785880919
9781680501315
9781119232681
9781119117643
9781119086413
9781627054942
9781491944615
9781782173656
9781680501865
9781491960981
9781617292330
9781457198854
9781491961872
9780134498058
9781785882067
9781484218488
9781118714706
9789814721868
9780123750792
9781785285684
9781782175001
9781771375818
9781491912973
9780134544496
0789725290
0672325330
0321125207
0130354732
0130925691
9781583470695
1578702267
0789729059
0789722615
0672326116
0672314800
0201844567
0321168453
0321159853
0201729326
0201721635
0201675188
0201615770
0201657597
0131013661
0201309556
0131478249
0131413090
0131013726
013088720
9781598639704
067232427
013089401
01120100001
0321117654
9780470257630
0672323109
0672319675
0321166086
0201788918
0201788918
9781482229851
9781783288199
0130648841
020165783
0321246101
9780470092910
30000
0738491594
0201730383
0321130022
0201748045
9781680501827
9780470260913
0738498416
0321246241
0201743973
9780735622531
9780470697344
9780470775639
9780470121672
1578701902
0131412752
9781785884795
9781457198847
9781491924709
77761
0321156307
9781906124762
9781119065678
9781491957974
9780321336385
9781785888038
9788177585957
9781491926772
0201362996
9781491951095
32562
32562
9781491950623
9781578203185
9780123964991
9780750661232
9781491950791
9780134432564
9780133763133
9781632650177
9781783985487
9781617292439
9780134465951
9780133840100
9781785280801
9781484203286
9781449365509
9781634621069
2821109185001
9781783552481
9781785888014
9781785889981
9781784395483
9781491928028
9781491928042
9780128010372
9781783984848
9781771375313
9781784392512
9781784395148
9781784399757
9781119014874
9781119046585
9781430207252
9780128028902
9781940540313
9781491935835
9781782175698
9780134384528
9781457196423
9781449357023
9781491922828
9781783987627
9781680501513
9781783284436
9780470748459
9781783980734
9781491935828
9781491933732
9781940111254
9781119050940
9781491915523
9780133039863
9780738440811
9781783550012
9781782166603
9781782175209
9780128023396
9781784398293
9781491925447
9781491904503
32562
9781118951309
9781119065593
9781782169727
0596006101
9781491927991
9781783987580
9781457189968
9781491935811
9781491935811
9781783553310
9781491937310
9781491924884
9780134193120
9781617291357
9781491932636
30000
157870118
0321426568
9780989811903
9781491917701
9781491917701
9781491924877
9780132762564
9780128023402
9781457191299
9781491937679
9780134189819
9781491934630
9781783550852
9781119096726
9781491934593
9780128021347
9780240515670
9781780172996
9780470270110
9780470319796
0672326019
9781491934913
9781491924914
9781634620765
9780134031408
9780768685312
9780134187235
9780444527264
9781785286001
9781771373647
9781771374040
9781782164289
9781849695527
9780134271453
9781785285981
9781782174219
9781785285295
9781785285769
9781785284014
9781771373630
9781491925409
9780133992892
9780134049939
9780128021330
9781782177340
9781784394813
9781457189890
9781784396145
9781491924563
9781771373524
9781491921685
9780133366358
9780470414699
9781784394615
9781430210054
9781784392574
9781940540290
9781784396275
9781784394332
9781771373470
9781457189074
9781491919729
9781491924860
9781491927007
9780321637369
9781118844915
9781784396497
9781783284795
9781491904930
9781484206201
9781783989164
9781784397517
9781118648902
9781118648957
9781118705742
9781771371087
9781782173977
9781118906514
9781491950340
9781491950340
9781784392925
9781771370271
9781771370820
9781784391324
9781783989324
9781771371254
9781783553372
9781784398330
9780132602686
9780134049700
9781457190728
9781491916179
9781680500516
9781606503836
9781783552030
9781430264972
9781484200827
9781784396930
9781771372756
9781771372190
9780134052625
9781908043535
9781771371605
9781491900536
9781780673820
9781780674940
9781457188350
9781484207758
9781118859209
9780134032382
9781849688406
9781784398675
9781784393021
9781783987986
9788131794760
9781484207284
9780133491791
9781118834251
9781941222959
9781941222904
9781680500110
9781906717667
9780133859133
9781782160700
9781782161042
9789332508200
9781849519564
9781849689120
9781783982707
9781783982707
9781783554874
9781783981205
9780814474570
9781491910795
9781680500264
9781941222980
9781941222935
9781680500103
9781680500165
9781680500097
9781941222911
9781680500059
9780133795257
9781491910672
9781617291654
10034
9781491905562
9781491917640
9780133900552
9781449374075
9780134030036
9781849688963
9781849689021
9781783981083
9781783551897
01220110066
9781491907474
9781941222713
9781941222621
9781941222737
9781941222584
9781941222492
9781941222348
9781941222607
9781780172453
9781118322635
9781849699518
9781782166924
0738439452
9781604276954
9781491914151
9781491907818
9781783286393
9781782170563
9781771372275
9780133570120
9781615645053
9789332524606
9781783287987
9781771371827
9780133377064
9781849285643
9781492014706
9781908043511
0738439630
9780470845257
0789729822
9781593271787
9781933952291
9780471486480
9780470861943
9781430209812
9780471469452
9780471220480
9788131733349
0672327899
9781849691321
0672327880
9780080466514
9780080466514
9781782169888
9781783550937
9781491903018
9781849699617
9781783280919
9780133798135
9781856696975
9781849693486
9788131723562
9781782163404
9781849519427
9780133489989
9781783287215
9781590598047
1593270658
9781933671161
9780768686388
9780470135938
9780470262795
9780470461907
9781598632866
9780470249963
9780955832871
9781906717438
9780071490832
9780321553140
9780321426840
9781598299083
9781590599600
9780470293324
30000
9788177584554
9780240811994
01120100011
9780470743003
9780470745700
9780470596937
9781608453429
9780470481974
9780470823774
9781608452842
9781435459243
9780470450260
9780132469135
9781906717865
9781562867218
9781906717964
9780132102773
9780470537251
9781118043578
9780814416327
9781593271046
9780470750100
9780132102766
9781598220292
9780596155728
9781118725177
9781782167938
9781618661081
9781618660404
9780133824360
9781593273859
9781118065518
9781849282062
9781118586136
0738435317
9781444333381
9781118004210
9781118036631
9780132656283
0738435619
9781118037065
9781618660121
9780132602778
1936334984
9781926873268
9781119991519
9788131760215
9781908043078
9781118236260
9781118119716
9781562868154
9781118437988
9780470891650
9781612902210
9780124080911
0738438235
0738436739
9781118574591
9781118562802
9781118614198
0738437824
9781908043641
9781491901144
0738439061
9781430262534
9781783285556
9781783287352
9781908043733
9781782160724
9780415705141
9781618661142
9781430261575
9781491901175
9788131707494
9781583470640
9780764598371
9780470108543
9781558609006
9780123742605
9781118828021
9780471201007
9780470030707
9780470167748
9780470934630
9780764579967
9781118101988
0789723727
9781849281133
9780471081128
9780470518601
9780768683714
9780768685510
9781430238409
9780470049945
9780470437001
9780470462539
9781119975915
9780470054352
9781118057629
9780470223659
9781118725269
9781430227038
9781430210573
9781590598382
9781604276732
9780955832826
9781305075191
9780763772239
0596002025
0596101198
0596004591
9780596802837
0321238087
9780596514020
9780596528461
0596006543
0321356993
0596002270
0321200195
013195654
9780596100278
9780138012120
9780131562929
0596003447
0596003447
9780596527808
0596009062
1565925378
0596008023
1565926285
9781449322519
059600236
9781449343040
9781449380243
9781449306250
9781565920002
9780596514433
9780137043583
9781449322632
0596000642
0321334868
0596006756
0596006756
0596009836
0596009836
9781449314750
9781449379735
9780596806934
0596004273
9781847191465
9781847193216
9780321637413
0321166078
9781849516884
032112247
0131472208
9781847190956
0130282286
0321228626
0321186125
9781849513982
9780132852098
0321268881
9780136083283
0131493868
0321334213
9780132351355
0131451340
0201733862
9780672334023
0321419499
0131488740
0131407287
0321180860
0201709139
9780321617484
9780137157860
9780321617927
9781849681049
0201633922
0321193687
9780321545398
9781849694827
0130969729
0131914510
0131872494
9781849692144
0201361213
0321486471
9780321591869
9781849681322
0201361205
9781849690805
9780132351331
9780321591258
0321228111
9780768685305
9780321669711
0321109295
0201776405
0321321308
9781849510967
0321159624
9781849680028
0201648652
9780132351379
0131465759
0321498143
0201485397
9780132180160
9780132180160
9780321562944
9781849514767
0130668397
9780136082958
9780132252423
9781849514927
9781849513401
0321154959
0201799405
9780321657701
9780321508911
9781849680905
9780321606518
9780136082972
9780321498823
9780321356529
9780132488808
9781849510264
0321166094
032122390
9781849680127
9780321669247
9781904811459
9780768678666
9780672333910
9781849685726
9780137156115
9781849693523
9780321603944
9781849514569
0201741172
9781904811336
9780768685329
9781847195265
9781849693905
9781847196767
032119442
032119442
9781904811558
0131240722
0131489062
9781849684606
9781849681209
9781849692366
0130935387
9780321592088
9781849510820
0131412272
0131412272
9780768685251
0201615835
9780321545411
9780321552044
0321160762
0131428985
9781847199249
0131872508
9781782167068
0321179366
0321334892
9781783280193
9781783280698
9781849692465
9781783281879
9781849697729
9781849698443
9781849697941
0131879057
9781783559527
9781782171027
9781783282319
9781782176763
9781783283378
9780321700582
9780768685282
9781783280551
9781849693585
9780321580207
9781849692342
9781782167020
9781849699495
0201615932
0201730391
9781782171409
9781849697569
9781783281992
9780321669292
0130479756
9780321643926
9780321620491
9780768685848
0321336798
0321246942
0201775948
0201721848
0201748681
9780132160926
0201702657
9781782168294
9781782168294
9780321701688
0201794292
0321154983
0201844532
9780133133448
9780133748703
55555
55555
0201699710
9781933988542
9781617290770
9781933988603
9781617291210
9781783559381
9781430264217
9781118133156
9781118566053
9781592536191
9781562865092
9781119979289
9781856697552
9781935504085
9780735638976
9780735638976
9780735625921
9780735651180
9780735625709
9780735652033
9780735624252
0735619654
9780735624351
0735621799
9780735643918
9780735651821
0735617805
9780735624146
9780735668652
9780735651012
9780735643925
9780735651173
9780735623538
9780735651203
9780735623989
9780133748642
9781617290824
9781617291302
9780132906135
9781590599082
9780133390599
9781118421505
9781449306205
9781771371889
1936334860
9780981317076
9781926873510
9781118067727
9780132602723
9781449303471
9781926873138
9780321712622
9780132602761
9781926873442
9781618660084
9781849512824
9780321617736
9781849694087
9781782164227
9781849698009
9781849697101
9781935504511
9781771370707
9781783286133
9781782164401
9780124080898
9781782168812
9781782168218
9781782169543
9781118417874
9781118506172
9780124080942
9780124051638
9780123972699
9780071804288
9780133488562
9780133491234
9780133553413
9780133489163
9780133489309
9780133492286
9781935504634
9781492001300
9780133551846
9780133017007
9780132953917
9780133090659
9781119963998
9781118330340
9781849694520
9781849696685
9781849688642
9780133261516
9781849693929
9781783289332
9781783284078
9781849518468
9781849694209
9781908043191
9781849696166
9781782164647
9781782169666
9781849686884
9781783280476
9781782161783
9781430250531
9781430259268
9781430259268
9781783281251
9781430262923
9780133517484
9781849694889
9781926873046
9781771370608
821249999272
821249999302
9780132602709
9780132602785
9780132602679
1936334763
9780132602693
55555
9781771371421
9780133812473
9781118612101
9780596806842
9781593271190
9780133430356
9781449303686
9780132171953
9780470292785
9780596808310
9781430233305
9781449321628
9781849681469
9781933988894
9781449331825
9781449317904
9781935182825
9781430240020
9781935504092
9781593273750
9781449317867
9780321669636
9780470684535
9781449318482
9780132762427
9780071756136
9781849512480
9781849512626
9781617290176
9781782165149
9780321712554
9780735679658
9780133039900
9781449357979
9781118330463
9781782166825
9780133155556
9781783283477
9781782166726
9780132478939
9780132776608
9781118236338
9780133364903
9781782163480
9780735667730
9781783289479
9780132748445
9780132869904
9781627051378
9781430237716
9781449338879
9781449332693
9781782179733
9781849693769
9781849517867
9781849684163
9781449318901
9781935504252
9781119941675
9781849695046
9780133488456
9780133373455
9780133365023
9780133089448
9780132942799
9781617290121
9781849684460
9781933988269
9781849517706
9781782166344
9780321413093
9781449308889
9781935504191
9781430238010
9780132851619
9780764596742
0131858580
0321213351
067232640
9780764526046
0596007957
0596007957
9781932394238
0321267974
0131870025
0201633612
9780768683684
032111230
9780137126347
9780471117094
020163385
020163385
9780768685336
0321247140
9780735634688
0672327988
9780768686678
9780750685832
0596009828
9780137143979
0596527039
9781457165948
9780470059029
9780201895513
9780471798545
9780132344821
9780750687065
9780132349710
9780321553720
0131345559
9780596527730
9781593271749
9780321562654
9780321630483
0321268202
9781590596173
9780137058280
9781449388133
9780132107549
9781847199867
9780321563835
9781849512565
9780136135166
9780470404461
9780735626096
9780321591210
9781935504054
9781935504054
9781435454224
9780132119818
9781933988214
9780471687238
9780471715429
9780321647863
9780470376843
9781933988962
9780596516130
9780321619600
9780321659538
9780596800611
9780470178454
9781593272067
9780132488617
9780596807276
9781933988498
9781782166009
9781849695688
0321126971
9781849518420
9781430219484
9781449396268
9781449306113
9781449396411
9780133358964
9781449396459
9781449309510
9781449356491
9781449341565
9781565920903
9781449327453
9781935182504
9781933988665
9781590593899
9781449383312
9780132942850
0735619670
0321125215
020161622
9781449330514
0201485672
9781449379889
9780596529321
0596528124
9781449336455
0201835959
9781430209874
9781590595008
9781449317881
1565925092
9780596510046
9780596155780
9780132542913
9781449315085
9780596809515
9780596516246
9781449379889
9780596529321
0596528124
9781449336455
0201835959
9781430209874
9781590595008
9781449317881
1565925092
9780596510046
9780596155780
9780132542913
9781449315085
9780596809515
9780596516246
9781449379889
9780596529321
0596528124
9781449336455
0201835959
9781430209874
9781590595008
9781449317881
1565925092
9780596510046
9780596155780
9780132542913
9781449315085
9780596809515
9780596516246
9781449379889
9780596529321
0596528124
9781449336455
0201835959
9781430209874
9781590595008
9781449317881
1565925092
9780596510046
9780596155780
9780132542913
9781449315085
9780596809515
9780596516246
9781449379889
9780596529321
0596528124
9781449336455
0201835959
9781430209874
9781590595008
9781449317881
1565925092
9780596510046
9780596155780
9780132542913
9781449315085
9780596809515
9780596516246
9781449379889
9780596529321
0596528124
9781449336455
0201835959
9781430209874
9781590595008
9781449317881
1565925092
9780596510046
9780596155780
9780132542913
9781449315085
9780596809515
9780596516246
9781449379889
9780596529321
0596528124
9781449336455
0201835959
9781430209874
9781590595008
9781449317881
1565925092
9780596510046
9780596155780
9780132542913
9781449315085
9780596809515
9780596516246
9781449379889
9780596529321
0596528124
9781449336455
0201835959
9781430209874
9781590595008
9781449317881
1565925092
9780596510046
9780596155780
9780132542913
9781449315085
9780596809515
9780596516246
9781449379889
9780596529321
0596528124
9781449336455
0201835959
9781430209874
9781590595008
9781449317881
1565925092
9780596510046
9780596155780
9780132542913
9781449315085
9780596809515
9780596516246
9781449379889
9780596529321
0596528124
9781449336455
0201835959
9781430209874
9781590595008
9781449317881
1565925092
9780596510046
9780596155780
9780132542913
9781449315085
9780596809515
9780596516246
9781449379889
9780596529321
0596528124
9781449336455
0201835959
9781430209874
9781590595008
9781449317881
1565925092
9780596510046
9780596155780
9780132542913
9781449315085
9780596809515
9780596516246
9781449379889
9780596529321
0596528124
9781449336455
0201835959
9781430209874
9781590595008
9781449317881
1565925092
9780596510046
9780596155780
9780132542913
9781449315085
9780596809515
9780596516246
9781449379889
9780596529321
0596528124
9781449336455
0201835959
9781430209874
9781590595008
9781449317881
1565925092
9780596510046
9780596155780
9780132542913
9781449315085
9780596809515
9780596516246
9781449379889
9780596529321
0596528124
9781449336455
0201835959
9781430209874
9781590595008
9781449317881
1565925092
9780596510046
9780596155780
9780132542913
9781449315085
9780596809515
9780596516246
9781449379889
9780596529321
0596528124
9781449336455
0201835959
9781430209874
9781590595008
9781449317881
1565925092
9780596510046
9780596155780
9780132542913
9781449315085
9780596809515
9780596516246
9781449379889
9780596529321
0596528124
9781449336455
0201835959
9781430209874
9781590595008
9781449317881
1565925092
9780596510046
9780596155780
9780132542913
9781449315085
9780596809515
9780596516246
9781449379889
9780596529321
0596528124
9781449336455
0201835959
9781430209874
9781590595008
9781449317881
1565925092
9780596510046
9780596155780
9780132542913
9781449315085
9780596809515
9780596516246
9781449379889
9780596529321
0596528124
9781449336455
0201835959
9781430209874
9781590595008
9781449317881
1565925092
9780596510046
9780596155780
9780132542913
9781449315085
9780596809515
9780596516246
9781449379889
9780596529321
0596528124
9781449336455
0201835959
9781430209874
9781590595008
9781449317881
1565925092
9780596510046
9780596155780
9780132542913
9781449315085
9780596809515
9780596516246
9781449379889
9780596529321
0596528124
9781449336455
0201835959
9781430209874
9781590595008
9781449317881
1565925092
9780596510046
9780596155780
9780132542913
9781449315085
9780596809515
9780596516246
9781449379889
9780596529321
0596528124
9781449336455
0201835959
9781430209874
9781590595008
9781449317881
1565925092
9780596510046
9780596155780
9780132542913
9781449315085
9780596809515
9780596516246
9781449379889
9780596529321
0596528124
9781449336455
0201835959
9781430209874
9781590595008
9781449317881
1565925092
9780596510046
9780596155780
9780132542913
9781449315085
9780596809515
9780596516246
9781449379889
9780596529321
0596528124
9781449336455
0201835959
9781430209874
9781590595008
9781449317881
1565925092
9780596510046
9780596155780
9780132542913
9781449315085
9780596809515
9780596516246
9781449379889
9780596529321
0596528124
9781449336455
0201835959
9781430209874
9781590595008
9781449317881
1565925092
9780596510046
9780596155780
9780132542913
9781449315085
9780596809515
9780596516246
9781449379889
9780596529321
0596528124
9781449336455
0201835959
9781430209874
9781590595008
9781449317881
1565925092
9780596510046
9780596155780
9780132542913
9781449315085
9780596809515
9780596516246
9781449379889
9780596529321
0596528124
9781449336455
0201835959
9781430209874
9781590595008
9781449317881
1565925092
9780596510046
9780596155780
9780132542913
9781449315085
9780596809515
9780596516246
9781449379889
9780596529321
0596528124
9781449336455
0201835959
9781430209874
9781590595008
9781449317881
1565925092
9780596510046
9780596155780
9780132542913
9781449315085
9780596809515
9780596516246
9781449379889
9780596529321
0596528124
9781449336455
0201835959
9781430209874
9781590595008
9781449317881
1565925092
9780596510046
9780596155780
9780132542913
9781449315085
9780596809515
9780596516246
9781449379889
9780596529321
0596528124
9781449336455
0201835959
9781430209874
9781590595008
9781449317881
1565925092
9780596510046
9780596155780
9780132542913
9781449315085
9780596809515
9780596516246
9781449379889
9780596529321
0596528124
9781449336455
0201835959
9781430209874
9781590595008
9781449317881
1565925092
9780596510046
9780596155780
9780132542913
9781449315085
9780596809515
9780596516246
9781449379889
9780596529321
0596528124
9781449336455
0201835959
9781430209874
9781590595008
9781449317881
1565925092
9780596510046
9780596155780
9780132542913
9781449315085
9780596809515
9780596516246
9781449379889
9780596529321
0596528124
9781449336455
0201835959
9781430209874
9781590595008
9781449317881
1565925092
9780596510046
9780596155780
9780132542913
9781449315085
9780596809515
9780596516246
9781449379889
9780596529321
0596528124
9781449336455
0201835959
9781430209874
9781590595008
9781449317881
1565925092
9780596510046
9780596155780
9780132542913
9781449315085
9780596809515
9780596516246
9781449379889
9780596529321
0596528124
9781449336455
0201835959
9781430209874
9781590595008
9781449317881
1565925092
9780596510046
9780596155780
9780132542913
9781449315085
9780596809515
9780596516246
9781449379889
9780596529321
0596528124
9781449336455
0201835959
9781430209874
9781590595008
9781449317881
1565925092
9780596510046
9780596155780
9780132542913
9781449315085
9780596809515
9780596516246
9781449379889
9780596529321
0596528124
9781449336455
0201835959
9781430209874
9781590595008
9781449317881
1565925092
9780596510046
9780596155780
9780132542913
9781449315085
9780596809515
9780596516246
9781449379889
9780596529321
0596528124
9781449336455
0201835959
9781430209874
9781590595008
9781449317881
1565925092
9780596510046
9780596155780
9780132542913
9781449315085
9780596809515
9780596516246
9781449379889
9780596529321
0596528124
9781449336455
0201835959
9781430209874
9781590595008
9781449317881
1565925092
9780596510046
9780596155780
9780132542913
9781449315085
9780596809515
9780596516246
9781449379889
9780596529321
0596528124
9781449336455
0201835959
9781430209874
9781590595008
9781449317881
1565925092
9780596510046
9780596155780
9780132542913
9781449315085
9780596809515
9780596516246
9781449379889
9780596529321
0596528124
9781449336455
0201835959
9781430209874
9781590595008
9781449317881
1565925092
9780596510046
9780596155780
9780132542913
9781449315085
9780596809515
9780596516246
9781449379889
9780596529321
0596528124
9781449336455
0201835959
9781430209874
9781590595008
9781449317881
1565925092
9780596510046
9780596155780
9780132542913
9781449315085
9780596809515
9780596516246
9781449379889
9780596529321
0596528124
9781449336455
0201835959
9781430209874
9781590595008
9781449317881
1565925092
9780596510046
9780596155780
9780132542913
9781449315085
9780596809515
9780596516246
9781449379889
9780596529321
0596528124
9781449336455
0201835959
9781430209874
9781590595008
9781449317881
1565925092
9780596510046
9780596155780
9780132542913
9781449315085
9780596809515
9780596516246
9781449379889
9780596529321
0596528124
9781449336455
0201835959
9781430209874
9781590595008
9781449317881
1565925092
9780596510046
9780596155780
9780132542913
9781449315085
9780596809515
9780596516246
9781449379889
9780596529321
0596528124
9781449336455
0201835959
9781430209874
9781590595008
9781449317881
1565925092
9780596510046
9780596155780
9780132542913
9781449315085
9780596809515
9780596516246
9781449379889
9780596529321
0596528124
9781449336455
0201835959
9781430209874
9781590595008
9781449317881
1565925092
9780596510046
9780596155780
9780132542913
9781449315085
9780596809515
9780596516246
9781449379889
9780596529321
0596528124
9781449336455
0201835959
9781430209874
9781590595008
9781449317881
1565925092
9780596510046
9780596155780
9780132542913
9781449315085
9780596809515
9780596516246
9781449379889
9780596529321
0596528124
9781449336455
0201835959
9781430209874
9781590595008
9781449317881
1565925092
9780596510046
9780596155780
9780132542913
9781449315085
9780596809515
9780596516246
9781449379889
9780596529321
0596528124
9781449336455
0201835959
9781430209874
9781590595008
9781449317881
1565925092
9780596510046
9780596155780
9780132542913
9781449315085
9780596809515
9780596516246