9781351106795
9781484239452
9781492042549
9781484243770
9781484243497
9781680506389
9781492042853
300000006
9781491988459
9780596527358
9781484238943
9781492026075
9781492041504
9781492034353
9780596155124
9780124077683
9781492036470
9780240520100
9781420068375
9781484222928
9781484227008
9781439826973
9781491976227
9781440347238
9780137035793
9781491970706
9781491958476
0321228758
9781491965153
9781491943595
0321117433
0131487876
9780735623194
9781491928028
9781491927991
9781457189968
9781449391195
9780596809515
9781449318482
9780596510046
9781788831505
9781484237458
9781491988459
9780134598185
9781568814377
9780596527358
9781789348606
9781789809459
9781466595354
9781680506242
9781788471909
9781484238943
9781947083653
9781947083639
9781947083479
9781789617597
9780135485965
9781789614534
9780134873329
9781680506297
9781787122819
9781789610260
9781601633668
9781351384810
9781439868010
9781351647175
9781856177757
9780415555456
9781844070183
9781420088397
9781788292092
9781483104256
9781492026075
9781786465436
9781492041504
9781492034353
9781482203882
9781634623971
9781492042907
9780134998909
9781449338015
9780596155124
9780128008911
9780124077171
0131177052
9781941222997
9781787121799
9783110435580
9781789343755
9783110450682
9780133435726
9780123749574
9780123743015
9780124078147
9780124077683
9781119277309
9780857087607
9781119425397
9781118877197
9781491958858
9781482229417
9780134835204
9781492036470
9780240520100
9781788629225
9781400851348
9780071643535
9781284055917
9781627052559
9780134668185
9780321635792
9781420068375
0321146530
9781466598645
9781484222928
9781484227008
9781780173948
9781351811859
9781260026849
9781315309019
9781466560017
9780136083238
9781439826973
9780805843026
9780128054246
9780134843803
9780134843810
9781491976227
9781787127838
9781491970317
9781118931981
9781440347238
9780137035793
9781629609454
9781491969854
9781607280958
9781400830930
9781786300577
9781634621793
9781627050098
9781482217179
9781491969878
9780128093559
9781491970706
9781491958476
759704
9781491943816
9781491970492
9781284079647
9781631574580
0321228758
9780134661742
9781484213230
9781482254167
9780134394572
9780134076461
9781491965153
9781400850310
9781119158660
9780763771447
9781491943595
0321117433
0131487876
9780787986834
9780735623194
9780470257630
9780062230706
9788131733097
9780134389974
9781119092438
9780134465951
9788131760307
9781491928028
9780128010372
3942766472001
9781119116639
9781592335145
9781606505090
9781937856250
9781491927991
9781457189968
9781617291357
9781491937679
9780071849470
9781680500813
9780080529721
9780081001400
9781119043324
9781118969175
9781680500721
9789332514836
9781457186882
9780321637369
9781484206201
9781118675359
9781626563377
9780134052625
9781484204214
9781457188350
9781484207284
9781118582695
9781491919163
9789332503526
9780134035437
9780470530672
9781491910795
9788131728185
9788131770221
9788131728901
9781941222348
9780133562699
9780470486696
9781933952291
9780471469452
9780470445679
1593270658
9781593273422
9781562864651
9781598295931
9781598295566
0789734206
9781430218630
9781118725764
9781118031834
9780071483001
9781607646631
9781909652385
9781937134532
9781937134419
9780470643365
9781606502037
9781118240779
9781435456358
9781608458820
9781627230155
9780123970374
9780133412291
9781118767849
9781908043641
9781606506042
9780470108543
9780470487648
9780471716525
9780125249751
9780132828284
9781449306366
9781449337445
9781449314750
9780321637413
9781847194244
0321166078
0321268881
0131407287
0321336623
9780321591258
9780132351379
032126889
0130812463
9780132442350
0321304543
9780132488808
9780132757201
0131111558
0201440997
0321423437
9781849511483
0321168828
0131872508
0321286081
0321117425
0321437381
9781617291210
9780814408865
9781562868369
9780240812076
9780735634725
9780735625921
0735619484
9781118614006
9781598638615
9781118086216
00320090126
9780240812250
9781118345597
9780133491234
9780133489491
9781449356835
9780132776486
9780062230706
9780062322647
9788131733097
9781785287473
9781785289781
9781785887338
9781484217900
20250
20273
20277
20341
20241
9781449688097
9781606493625
9781484214947
9781784399849
9780134272115
9780134389974
9781783554355
9781785287343
9781119092438
9780134465951
9781292085890
9781783982066
9781317679455
9781317625506
9783943075021
9780134394657
2434519479001
2226821028001
9781466594005
100000006
9781785289361
9788131760307
9781491928028
9780128010372
9781484209523
9781317802938
9781783284757
3942766472001
9781784391430
9781119116639
9781592335145
9781119091899
9781680501537
9781606505090
9781937856250
9781785281440
9781784399870
9781785284694
32562
9781491927991
9781457189968
9781317931423
9781617291357
9781491913338
71041
9781491937679
9781785280122
9781785287770
9780071849470
9781783551774
9780134180977
9781491934531
9781317536031
9781680500813
9781317661627
9780080529721
9781785283109
9781784399450
9780071813655
9780081001400
9781119043324
9781784396718
9781118969175
9781680500721
53863
9780730307662
9781783559343
9780470261286
9789332514836
100000006
9781784398255
9781784396121
9781457186882
9781457189876
9780321637369
9780133439571
9781484206201
9781784397326
9781783553594
9781118675359
9781784391973
9781783987887
9781783554775
9781784390327
9781626563377
9781784390075
9781784397678
9781784399290
9780133523416
9780134052625
9780133812480
9780134049687
9781484204214
9781457188350
9781484202623
9781556229114
9781484207284
9781305501829
9781783553655
9781118582695
9781491919163
9781849695602
9789332503526
9781783987863
9780134035437
9781783287291
9780470530672
9781430266976
9781491910795
9780133812596
9780321685377
9788131728185
9788131770221
9788131728901
9780133892178
9781783988266
9781941222744
9781783985968
9781941222348
9781941222430
9781584505235
9781607277166
9781783286478
9781783283712
9780133812589
9780133562699
9781430264408
9781849695466
9781849698061
9781782161509
9781782160144
9781626560819
9780470486696
9781933952291
9781576757987
9780943210445
9780471469452
9781562864323
9780470445679
9780470500415
9780137002962
9781305109919
9781430267003
9781447929505
9781849694100
9780133564280
9781849697224
1593270658
9781593273422
9781562864651
9781598295931
9781598295566
9781584505570
0789734206
9781430218630
9780240519418
9781118725764
9780768683783
9781118031834
9780071483001
9781607646631
9781598638516
9780132476454
9781430234227
9780132487290
9781909652385
9781849696180
9781937134532
9781937134419
9780470643365
9781430238256
9781907794209
9781606502037
9781618660121
9781783559442
9781430239932
9781118240779
9781435456358
9781608458820
9781627230155
9781118416464
9780123970374
9780133412291
9781118767849
9781908043641
9781606506042
9780133812565
9780133812503
9781305110380
9781598635270
30000
9780470108543
9781592009633
9780470487648
9780471716525
9781118421444
9780125249751
9780132828284
9781430238195
9781590596159
9781435460188
9781615640553
9780240819334
9781449306366
9781449309343
9781449337445
9781449314750
9780321637413
9781847194244
0321166078
9781849512725
0321268881
9780132442503
0131407287
0321336623
9781849512923
9781847196606
9780321591258
9780132351379
032126889
0130812463
9781849514002
9781849693509
9780132442350
0321304543
9781849692502
9780132488808
9781849690041
9781849690904
9780132757201
0131111558
9781849516600
0201440997
0321423437
9781849511483
9781849691062
0321168828
9781849691987
0131872508
9781783559701
9781491900536
9780133812480
9780134049687
9781484204214
9781780674940
9781457188350
9781484202623
9788131794760
9781556229114
9781484207284
9781305501829
9781771373029
9781783553655
9781118582695
9781491919163
9781849695602
9789332503526
9781782160700
9789332524514
9781783987863
9780134035437
9781783287291
9780470530672
9781430266976
9781491910795
9781680500059
9780133812596
9780321685377
9788131728185
9788131770221
9788131728901
9780133892178
9781783988266
9781492016328
9781941222744
9781941222584
9781118901243
9781783985968
9781941222348
9781941222430
9781118322635
9781856176002
9781584505235
9780415818612
9781607277166
9781783286478
9781783283712
9780133812589
9780133562699
9781849285728
9781430264408
9781492014706
9781849695466
9781849698061
9781782161509
9781782160144
9781626560819
9781430218616
9781562864514
9780789737021
9780470486696
9780137151721
9781933952291
9781576757987
9780943210445
9780768688900
9780471469452
9781562864323
9780470445679
9780470500415
9780137002962
9781305109919
9781430267003
9781849691802
9780273779483
9781447929505
9781849694100
9781783283439
9780133564280
9781849697224
0735714096
9781906465537
1593270658
9781593273422
0321464362
9781562864651
9781584506683
9781598638820
9781435454774
9780470230176
9781598295931
9781598295566
9781584505570
0789734206
9781608452538
9781430218630
9780240519418
9781118725764
30000
9780768683783
9781435454385
9781584505372
9781118089309
9781435458444
9780470922446
9781118031834
9781598634358
9780137038206
9781430235279
9781430228264
9780071483001
9781118074015
9780132563673
9781607646631
9781598638516
9780132476454
9781430234227
9780132487290
9781430241584
9781909652385
9781849696180
9781937134532
9781937134419
9780470643365
9781118015124
9781430238256
9781907794209
9781606502037
9781618660121
9781783559442
9781430239932
9781118240779
9781435456358
9781133728023
9781609945176
9781430243564
9781608458820
9781435457447
9781627230155
9781118416464
9780123970374
9780133412291
9780240812069
9781845698102
9781118767849
9781908043641
9781491901144
9781606506042
9780133812565
9780133812503
9781305110380
9781598635270
9781584506713
9781598639988
30000
9780764598371
9780470108543
9781592009633
9780471201007
9780470487648
9780471716525
9780071438308
9781118421444
9780125249751
9780132828284
9781430238195
9780471081128
9780132684446
9781590596159
9781118159279
9781435460188
0131020099
9780789745576
9781615640553
9780240819334
9781449337506
9781449307745
9781449306366
9781449309343
9781449337445
9781449314750
9780596806934
9781847194824
9780321637413
9781847194244
0321166078
9781847198181
9781849512725
0321268881
9780132442503
0131407287
9781849692205
0321336623
9781849512923
9781847196606
9780321591258
9780321670311
9780132351379
032126889
0321498143
0201432870
9780321657701
9781849688901
0130812463
9781849514002
9781849693509
9780132442350
9781849693363
9780132620185
0321304543
9781849692502
9780132488808
9781849690041
9781849690904
9780132757201
0131111558
9781849692007
9781849512343
9781849516600
9781849692038
9781849691901
0201440997
0321423437
9781849511483
9781587140884
9781849691062
0321168828
9781849691987
0131872508
9781783559701
9780321699565
9781849692984
9781783289837
9781783283033
9781849697446
9781849696708
9781782168010
9781849697903
9781849698108
9781782167389
9781783983544
9781783289431
9781849697569
0321286081
9781849695886
9780132851572
0201748681
0321117425
9780321496836
0321437381
0201794292
0321154983
9780133812565
9780133812503
9781305110380
9781491901175
9781598635270
9788131707494
9781584506713
9781598639988
30000
9780764598371
9780470108543
9781592009633
9780471201007
9780470487648
9780471716525
9780470167748
9780071438308
9781118421444
9780125249751
9780132828284
9781430238195
9780471081128
9789332510463
9780132684446
9781590596159
9780470767764
9781118159279
9781435460188
0131020099
9780789745576
9781118725269
9780470523926
9781449691998
9781615640553
9780240819334
9781449337506
9781449322519
9781449307745
9781449306366
9781449309343
9781449337445
9781449314750
9780596806934
9781847194824
9780321637413
9781847194244
9780321477897
0321166078
9781847198181
9781849512725
0321268881
9780132442503
0201733862
0131407287
9781849692205
0321336623
9780768685909
9781849512923
9781847196606
0130093653
9780132351331
9780321591258
9780768685305
9780321670311
9780132351379
032126889
0321498143
0201432870
0321154959
9780321657701
9781849688901
0130812463
9781849514002
9781849693509
9780132442350
9781849693363
9780132620185
0321304543
9781849692502
9780132488808
0321118847
9780321606471
9781849690041
9780768685237
9781849690904
9780132757201
0131111558
9781849692007
9781849512343
9781849516600
9781849692038
9781849691901
0201440997
0321423437
9781849511483
9781587140884
9781849691062
0131412272
0321168828
9781849691987
0131872508
9781783559701
9780321699565
9781849692984
9781783289837
9781783283033
9781849697446
9781849696708
9781782168010
9781849697903
9780321580207
9781849698108
9781782167389
9781783983544
9781783289431
9781849697569
0321286081
9781849695886
9780132851572
0201775948
0201721848
0201748681
0321117425
9780321496836
0321437381
0201794292
0321154983
9780133748703
55555
9780321398208
9781933988603
9781617291210
9781783283613
9780133812558
9781118133156
9780814408865
9781856697552
0321334159
9780132143400
9781562868369
9781592535972
9781907794230
9780133052794
9780133155181
9780240812076
9781598635720
9780787996659
9780071626149
9781118060100
9780735634725
9780735625921
9780735659841
9780735624252
0735619484
9780735623989
9780132906135
9781118614006
9780240811482
9781598638615
9780132678834
9781457179280
9781118078884
9781118086216
9780131385399
9781118067727
9781849691345
55555
00320090126
9781118234532
9780240812250
9781849690263
9780273785224
9781849695923
9781118536094
9781783551576
9780133812633
9781849697460
9780133812572
9781292000954
9781118404119
9781118345597
9780133491234
9780133489163
9780133489309
9780133489491
9781430249054
9780133017007
9781292000992
9781449356835
9781119963998
9781782165064
9781849689526
9781849699099
9781849695800
9780132776486
9781849693547
9780071808316
9781782162865
9781118274286
9780133408140
9781849696845
9781849695961
9780133411263
9781782169918
9781118698884
9781118533895
9781430248996
9781292000961
9781783281251
9781782166047
9780080983561
9780071816090
9780071830355
9781430266044
9781617290954
9780133812671
9781449370794
01220110049
9781617290923
9780132099509
9781593271190
9780321702081
9781849690669
9780137067367
9780132762427
9781849691840
9781119940531
9781430258360
9780735679658
9781849696821
9781782169581
9781783289479
9781430241706
9781119943709
9781782160304
9781430247432
9781118296011
9781783282173
9781849693400
9781849517867
9780133362688
9781782165224
9781780171678
9781118074763
9781118237717
9780133488456
9780132763219
9780132942799
9781849515665
9781849516464
9781430238010
9780132711913
9780470031469
9781457165948
9780470059029
9780321553720
9780131495050
9780470127902
9780321719478
9780321591364
9780132107549
9780470643204
9781935182450
9780321657251
9781933988276
9781435458956
9781430229438
9780471715429
9780321647863
9780321619600
9781847196903
9781849690546
9780132488617
9781933988498
9781849697408
9781849696326
9781849695701
9781430247166
9781430250685
9781771371018
9781457102608
9781449345068
9781449345099
9781449315054
9781457185120
9780133381016
9781592535873
9781593272593
9781449315054
9781457185120
9780133381016
9781592535873
9781593272593
9781118107324
9781435458864
9781435455566
9780133358711
9780470688670
9781584507024
9780132946728
0735619670
9781449331207
020161622
0201835959
9780132542913
9781449315054
9781457185120
9780133381016
9781592535873
9781593272593
9781118107324
9781435458864
9781435455566
9780133358711
9780470688670
9781584507024
9780132946728
0735619670
9781449331207
020161622
0201835959
9780132542913