9781615046744
0596003439
9781787122222
9781786302144
9780134278308
0738423777
9781782172499
9781783288250
9780134589329
9781491935422
9780595352623
0131408828
0131018833
0738491799
9780595285303
0130328618
9781783289714
0738435007
9788131761199
0738439681
0738439800
9780132117364
9780768688207
0738435511
0738435309
0738438006
073843650
0738436828
0596004494
0738437395
9781783551019
9780133551334
9781787125377
9781787122222
9781491978856
9781492025870
9781780173917
9781788479509
9781789618839
9781484234563
9781789341638
9780123704887
9781119171133
9781351978187
9780415875899
9781788837040
9781788620215
9781787289994
9781789533682
9781947441477
9781492038917
9781597490184
9781492037095
9781788830751
9781788392570
9781492068051
9781492042716
9781492042846
9780134787145
9781491908570
9781633221918
9781789345742
9781492039891
9781492037392
9781492030645
9781492039006
9781457191442
9780123944252
9780128005187
9780123970428
9780128008874
9781782422211
9780123746306
9781788296243
9781466518032
9781118456057
9781119431466
9781492038986
9781786302144
9780134591728
9781789132991
9781788991278
9780134762814
9781482235890
9781680504552
9781492037439
9781617293146
9781788474030
9781492036791
9783110468571
9780134670805
9780071772884
9781786466877
9781492028932
9781788626378
9780080999692
9780120885749
9781484232439
9781492030201
9781492030515
9781492030188
9781492030577
9781492030263
9781492030225
9781492030225
9781491957349
9781788997249
9781492030492
9781492030942
9781492030966
9781492030775
9781484220658
9781484214466
9781492030065
9781491925935
9781788626415
9781491991640
9781788623568
9781947098190
53863
9781491985335
9781947083196
9781947083172
9781947083158
9781786469342
9780134278308
9781484219379
9781491976340
9781484224212
9780988820241
9780240810881
9781484228869
9781466571662
9781491961728
9780128097830
9781783289042
9781785881114
9780071798792
9781491975954
9781315454832
9781491976265
9781788478441
9781680501926
9781785887833
9781787126015
9781787285965
9781785889080
9781784391867
9781785888946
9781786468550
9780134779270
9781617293375
9781787285835
9781119308744
9781484208779
0783442119
9781597494861
9780738442273
9780134052083
9781118893647
9781787126619
9780814436561
9781786468048
9781631571596
9781491970478
9781491958537
9781786464859
9781786465702
9781785289194
9781491944653
9780738442082
9780134650449
9781491975640
9780738442006
9781629605869
9781119013358
9781786300010
9781119257769
9781119223566
9781119281863
0738423777
9781491965252
9781491971413
9781491968406
9781317399810
9781491963937
9781491944646
9781785285172
9781848216945
9781119145912
9781119180265
9781782172499
9781783288250
9780134589329
9781935589907
9781491952559
9781491935422
9780595352623
0131408828
0131018833
0738491799
9780595285303
9781440322693
0130328618
9781292162065
77761
77761
9781783289714
9781631572616
9781785882876
0738435007
9780738441382
9781606507780
9780134398747
9781784392826
9781491928042
9781491928011
9781629594705
9780081000885
9781484204573
9781118954133
9781491942536
9780738440989
9781491932643
9780738440910
9780738440811
9781422163863
9781491937204
9780738440668
9781119015949
9781910649152
9780738440682
9781771373630
9780134049885
9780133795301
9781119058502
9780738440538
9781118964972
53863
9780738440620
9781939529732
9781937856038
9780061982606
9781118756607
9781491917374
0738440345
9780133814590
9780133854534
9789332537422
9781780673929
9780814433706
9781491900383
9781849281744
0738440132
9780133949407
9788131700334
9780133858228
9788131761199
01220110066
0738439681
0738439800
9780080466514
9781491902998
9780132117364
9781782176442
9780768688207
9781843345893
9781908864079
0738435511
0738435309
9781849284820
0738438006
073843650
0738436828
9781118237618
9781118613252
0738439088
9781940540221
9781118519684
9781118863572
0596004494
0738437395
9781783551019
9781783288748
9781491932643
9780738440910
9780738440811
9781618660237
9781422163863
9781491937204
9780738440668
157870118
9781119015949
9780470449301
9781910649152
9780738440682
9781771373630
9780134049885
9780133795301
9781119058502
9780738440538
9781118964972
53863
9780738440620
9781939529732
9781937856038
9780061982606
9781118756607
9781491917374
0738440345
9780133814590
9780133854534
9789332537422
9781780673929
9780814433706
9781491900383
9781491946060
9789332508200
9781849281744
0738440132
9780133949407
9788131700334
9780133858228
9788131761199
01220110066
9780133838176
0738439681
0738439800
9780470033623
9781605090054
9781605096148
9780080466514
9788483561805
9781491902998
9789814351836
9780132117364
9781782176442
9780470171110
9780764578014
9780768683905
9781933671024
9780768688207
9781430210597
9780321620675
9780750677684
9780321562364
9780471749066
9780471184508
9781560104872
9781118037904
9781605099095
9788131700785
9780137059836
9781846682988
9781843345893
9781908864079
9781118616956
9781430239512
9781118617069
9781848213210
0738435511
0738435309
9781119991366
9781562863982
9781118092989
9781847657770
9781627230148
9781118240403
9781849284820
9781118331514
9781908864994
9781609945367
9781906434861
0738438006
9781118421352
9789814398923
9781430246718
9781908474001
9781627230469
9781908474438
0738438588
073843650
0738437581
0738436828
9780124166486
9781118237618
9781118613252
9781612902159
0738438936
0738439088
9781940540221
9781118519684
9780470395134
9780470138113
9781119964094
9780768687545
9780471694663
9781430237358
9780768686227
9780124078680
0321238087
0596004494
9780133066869
9780596510213
0596003447
0738490296
0738492906
0738437395
0596003889
1587052202
9780132074674
9781904811121
9780672334023
0131488740
0131927590
0321193687
9781849519847
0131463969
9780133258813
0130661023
9781849684484
0130183741
1587200740
9781849693684
1587201364
1587052482
032119442
9781904811558
9780137084067
9780132826143
0321160762
0130656461
9781783284733
9781783551019
0201730391
9781849681261
9780132302074
9781783288748
0201775956
9781592533411
0131913646
0735614954
9781118602171
9781118310038
9781935504511
9780133442090
9780133551334
9781612906867
9781430263289
9780133384499
9781118481868
9780124077119
9781118555316
9781457179457
9781782179979
9781782164746
9780240806402
9781849689168
9781849685108
9781849689847
9781782171201
9780071825566
9781449333669
55555
1936334763
01201000039
9781491945513
9781849516044
9780133035513
9781849697828
9781118037423
9781849693066
9781935504245
067232640
9780764526046
0321267974
9780750687065
9780132349710
9780470128725
9781430226055
9780071628600
9780768686517
9780470889206
9781449311773
9781430245698
00049
9781449343927
9780137084067
9780132826143
0321160762
0130656461
9781783284733
9781783551019
0201730391
9781783289530
9781849681261
9780132302074
9781783288748
0201775956
0131886703
9781592533411
0131913646
0735614954
9780735625006
9781118602171
9781118310038
9781935504511
9780133442090
9780133551334
9781612906867
9781430263289
9780133384499
9781118481868
9780124077119
9781783282913
9781118555316
9781457179457
9781782179979
9781782164746
9780240806402
9781849689168
9781782167952
9781849687645
9780137084067
9780132826143
0321160762
0130656461
9781783284733
9781783551019
0201730391
9781783289530
9781849681261
9780132302074
9781783288748
0201775956
0131886703
9781592533411
0131913646
0735614954
9780735625006
9781118602171
9781118310038
9781935504511
9780133442090
9780133551334
9781612906867
9781430263289
9780133384499
9781118481868
9780124077119
9781783282913
9781118555316
9781457179457
9781782179979
9781782164746
9780240806402
9781849689168
9781782167952
9781849687645