9781944749729
9781592538591
9781491928110
9781465478115
9781465484772
9781101126714
9781101097434
9781492067641
9781782421030
9781449389543
9781592337156
9781592337149
9781631595684
9780124200913
9781119363293
9781119363248
9781119363231
9781782420156
9783110374254
9781631595394
9781592337644
9781260012071
9781592337323
9780128113646
9781615648108
9781615646340
9781101580158
9781680452082
9780814436875
9780814436110
9781465408532
9780596526856
9781119090724
9781422143155
9781118944271
9781118922323
9781119363248
9781119374497
9781119363231
9781119434238
9781523092185
9781782420156
9781351585965
9783110374254
9781631595394
9781631579653
9781604917628
53863
9781592337644
9781119426318
9781292077567
9781119409359
9781119403692
9781632651044
9780128116470
9781260012071
9781523082735
9781119369042
9780814438572
9781592337323
9780128113646
9780128041079
9781119310228
9781119264705
9781119358619
9781119338208
9781615648108
9781101159842
9781119312970
9781101221914
9781400825691
9781615646340
9780071614146
9781101580158
9781465458100
9781615647361
9781440695629
9781465450340
9780814436721
9781606509364
9781631575945
9781400831401
9789814771481
9789814771498
9780814436592
9789814751940
9789814751766
0131486039
9780857194664
9781680452082
9781119293415
9781632650467
9780814436875
9781626568532
9781119261681
9789814751285
9781119136057
9781259643897
9781119167976
9781440342554
9781119190752
9780814436110
0789731797
9780756651473
1560525851
9780470504987
9780470227565
53863
9780857191229
9781465408532
9781606505670
9781606507643
32562
32562
9781606507629
9781259584787
9780071843324
9781626565784
9780814409510
9780596526856
9780814436424
9780857193803
9781119090724
9780857194732
9780857192219
9780857194923
9780857194589
9780857190666
9780730320340
9781118992234
9780134084831
32562
9781119036739
9780857191441
9780857191960
9781422136584
9781422142387
9781422143155
9781422142745
19762
9780756696740
9781465402745
9781465410382
9781465402721
9781626563513
9781118944271
9780730315353
9781118949368
1940858127
9780857086150
9781118929940
9781118915561
9781118860458
9781118877364
9781935618850
9780071840163
9781118665817
9780071839365
9780730310396
9781118996591
9781118922323
9781118963333
9781118877708
9781118421512
9789814346115
9781604912166
9780071823708
9789814634717
9781118938355
9780137149001
9780137149049
0131875140
9780137151899
9781576758748
9789814346696
9780071799836
9781465410405
9780273771128
9780470485880
9780814414859
9780768681543
9780137154272
0131004425
9780470458419
9780470191163
9780471741251
9780470506936
9780470135075
9781576759837
0789735539
9780768686098
9780768681628
9780470496572
9780131003101
9780470226506
9780470538760
9780470537466
9781599960654
9780137013876
9780470737644
9780132582339
9780132489546
9781118011348
9780132687393
9780132489690
9780132378871
9780470581575
9780131378261
9780132479844
9780470538777
9780132598033
9780470596326
9780132615815
9780132617253
9780470737606
9780132563741
9780132582315
9780132614368
9780132542135
9780132542357
9780132732017
9780132613866
9780470918135
9780857081353
9780470481578
9780132542388
9780470637340
9780132686228
9780132781657
9780470615188
9780132597388
9780132542401
9781906465803
9780132475563
9780131378476
9780132542241
9780132686280
9780137052783
9781118078167
9781843347002
9781118856185
9789814516983
9781118167410
9781118043233
9781118095751
9780132734363
9781400838097
9781118865729
9781118865620
9780071802048
9780133132847
9780273771227
9780814417522
9781598299359
9780071798044
9781906821128
9780730377641
9781908474445
9781118238677
9789814435659
9781846685637
9781606495087
9780132180207
9781118830109
9781118614617
9781783000067
9781292004761
9781592579945
0596006632
0130110876
9780768685855
9781562868161
9781564148292
9781576755495
9780133088960
9780470089491
9781609940126
9780814417034
9781118214503
9781118083529
9781564147752
9780470453650
9780133410105
9780730376217
9781118238172
9780470623213
9781592579150
9781592578832
9789814382991
9789814484794
9781118043233
9789814435758
9781118095751
9789814408943
9780132734363
9789814398664
9781400838097
9789814398688
9789814435574
9781118865729
9781118865620
9780071802048
9780133132847
9780273771227
9780814417522
9781598299359
9780071798044
9781906821128
9780730377641
9781908474445
9781118238677
9789814435659
9781846685637
9789814435611
9781606495087
9780132180207
9781845699727
9780756696610
9781118830109
9781118614617
9781783000067
9781292004761
9789814435321
9789814435727
9789814435901
9789814435284
9781592579945
0596006632
0130110876
9780768685855
9781562868161
9781564148292
9781576755495
9780133088960
9780470089491
9781609940126
9780814417034
9781118214503
9789814408967
9789814435277
9789814408905
9781118083529
9781564147752
9780470453650
9780133410105
9789814435772
9780730376217
9781118238172
9780470623213
9781592579150
9781592578832
9789814408936
9789814408981
9789814435789
9780273656265
9780071830331
9780071810111
9781118461358
9781118504024
9780071808439
9780133445893
9780133249293
9780814433225
9781118596203
9781118589557
9780814431870
9780756696597
00320110006
9781118759707
9781449336912
9781904902812
9780470473238
9780133445893
9780133249293
9780814433225
9781118596203
9781118589557
9780814431870
9780756696597
00320110006
9781118759707
9781449336912
9781904902812
9780470473238