9781484241523
9781492027256
9781492042556
9781789804713
9780815328407
9781788622509
9781492026037
9781492026051
9780857094582
9781788476317
9781449324773
9781788477123
9781788470735
9781484224991
9781484225325
9781782175919
9781785280474
9780132486514
9781491985298
9781491996096
9781788298025
9781787127616
9781491976180
9780137142309
9781629605302
9781491976142
9780134432595
9781785882159
9780763754891
9781491959688
9781491944585
073849352
9781491944578
9783943075304
9781491950883
9781785884573
9781784399320
9783944540580
9781680501445
20141
9781491913680
9781491927786
9781782161028
9781118967782
9781449371579
9781783552993
9781491913628
9781465425560
9781908864321
9781849511681
9780470126905
9780132119443
9789814484817
9781118026229
9780132837163
9781118348130
9780133764796
9781491900420
9781400829675
9781592572274
9780137004997
9781847192127
9781849682404
9781849513487
9781904811053
9781904811640
9781849682282
9781849684040
9781783286355
9781598638004
9780470586846
9781449339203
9781457172489
9781935182542
9781119978756
9780133088496
9781449314408
9781457172489
9781935182542
9781119978756
9780133088496
9781449314408