9780470458365
0596101643
9781598639827
9781598639810
9781449336370
9781789131215
9781484235409
9781491979075
9780750645324
9781789348903
9781492065241
9781789132540
9781680506174
9781789610802
9781789133752
9781466567818
9781617292828
9781789619379
9781789612400
9781789613780
9781789614350
9781789617801
10000
9781789345445
9781457185397
0596102259
300000006
9781498731454
9781491960196
9781788299671
9781788295789
9781492023623
9781491936078
9781491914892
9781260134742
9780134878751
9781789134445
9781789536799
9781788392211
9781789538724
9781492026037
9781789535457
9780127323503
9780648331520
9781492067184
9781788998246
9781492067238
9781492068129
9780596157777
9781449308568
9781449308568
9781449323516
9781680506044
9781789341539
9781789539509
9781789533149
9781789133684
9781789346022
9781680501735
9781789344851
9781449326999
9781449315009
9780596515898
0596008422
9780596517328
9781449388195
0596003803
9781449371500
9781491950289
9781449370725
9780596514082
9781449309541
9781449337513
9781449337513
9781449311148
0596510187
9781491948903
9781449309534
9781449309534
9781449336059
9780596157715
9780596801465
9780596515782
9781491948583
9781449344900
9781491947579
9781449380090
9780596157722
9781449318444
9781449318444
9781449308049
9780596156787
9781491903704
9781449306823
9780596156299
9781449377250
9781449368777
9780596156145
9781449356729
9781449331771
9781449318857
9781449318710
9781449344573
9780596157739
9781449374525
9781491918043
9781449311384
9781449344498
9781449344412
9781449314712
9781449314712
9781449399078
9781449398941
0596008813
9780735674370
9781449361068
9781449314705
9781449381820
9781449329129
9781449328849
9781449373757
9781449363659
9781449308063
9781491912546
9781449373412
9780596520649
9780596529857
9781449312749
9781449365189
9781449387761
9781592337613
54765
9781492017936
9781492017943
9781617294204
9781789343632
9781788623872
9781788395038
9781789138610
6798123
53863
9781492039952
9780134301945
9781558608306
9780123706096
9780123945839
46532
9780123694867
9781788628174
9781788299053
9781492033387
9780240818078
100000006
100000006
9781119436331
9781617293450
9781788296670
9781119473459
9781449339456
9781449339456
9781491985564
9781119227311
9781491948637
9781787121416
9781789133677
9781484233993
9781939902504
9781491921968
9781491921968
9781788627092
9781788620062
9781484234266
9781617293863
9781788471688
9781788834902
9781788625883
9781449312671
9781788999588
9781491997239
9780134872179
9781492031642
9781789139754
9781789134339
9781787287440
9781617293412
10000
9781788398558
9780240818856
9780240813813
9780240813790
9780240813851
9780240813875
9780240813837
9780240807942
9781789132052
9781284091809
9780240804927
9781789135824
200000006
9781940111650
9781788471817
059652935
9781788299589
9781788475303
1904811736
9780814438886
9781786464125
9781788293464
9780134872292
9781788833400
9781484231807
9781788477611
9781788391542
9781788291767
9781788832793
9781787287068
9781787280038
9781788999113
9781617294587
9781484231111
9781788994514
9781788994859
9781430258643
9780763773878
9781788477123
9781788298216
9781788470780
9780814473399
9781449686543
9781788475426
9781788391085
9781788399241
0596001967
9781449320065
0596006314
0596529198
0596528531
9781788625326
9781787281585
9781788995344
9781449325053
9781788838139
9781492029915
9781492029878
9780814438718
9781788994477
9781492030393
9781484219706
9781484222386
9781484221143
9781484221204
9781484219225
9781788396714
9781509305001
9781788625081
9781492029243
9781430265030
9781484212127
9781484206836
9781484206058
9781788295017
9781788834506
9781491994108
9781484221877
9781788623568
9781617292743
9781491962435
9781788837293
9781788834810
9781787280526
100000006
9781491955673
9781788628365
9780134835907
9780134439594
9781788395113
9781788290920
9781788295284
9781484220443
9781484225080
9781484224991
9781484219935
9781484223499
9781484219966
9781484224601
9781484224571
9781484223765
9781788298254
9781484225356
9781484225745
9781484224632
9781788473422
9781626565975
9781430265368
9781484214640
9781430227274
9781430219323
9781788628112
9781788621465
9781787127746
1576752984
9780814472910
100000006
9781484228043
9781484219256
9781590598566
9781430218937
9781430216186
100000006
9781491961643
9781491961643
9781788390736
9781787283701
9781788293969
9781849517508
9781849518727
9781849517843
9781849693707
9781788293709
9781788628730
9781788294393
9781787286795
9781782160625
9781782169314
9781849685689
9781849694544
9781782174301
9781782175919
9781783550234
9781783554195
9781783558551
9781783985548
9781783985500
9781784394325
9781784398767
9781785282157
9781785282478
9781785287626
9781785285028
9781785287411
9781939902481
9781492023548
9781492023586
9781944607111
9781787124660
9781788471282
100000006
9781785887130
9781785281761
9781786465955
9781787129009
9781785287176
9781785288876
100000006
9781788479547
9781787289949
9780814438657
9781785889295
9781492023418
9781788291613
100000006
9781788292429
9781788292054
9781788397315
9781788292528
9781491929872
9781788391986
9781491981474
9781785888144
9780134844794
100000006
9781491993910
9781788479653
9781598220339
9781598220414
9781680501599
9781788296366
9780240820767
9781785882814
0596101694
9781491963739
9780763780609
9781491943526
9781491985298
9781491985298
9781787284944
9781787288027
9781788291743
9781788291323
9781787287389
100000006
9781786463104
9781786463890
9781787129887
9781430224730
9781788290616
100000006
9781786463388
9781484204603
9781484202029
9781484200131
9781430263920
9781430260318
9781430249832
9781430247401
9781430246206
9780134665344
9781491974810
9781788298025
9781457193002
9780134665269
9781491957509
9781788473477
9781788472562
9781788479851
9781787281899
9781787283732
9781787286351
9781491990728
9781787122147
9781788298360
9781787282308
9780415663250
9781788399739
9781788396813
9781491986981
9781787124141
9781787280823
9781449363918
9781787125919
9781787126794
9781786469120
9781787127845
9781787125377
9781786462879
9781787284913
9781940111551
9781785880766
9781491975824
9781787289710
9781449340124
9781119312574
9780240813288
9781491964910
000002
9781491960936
9781491960936
9781787128750
9781788292108
9781101195468
10000
9781787128163
9781786468710
9781788298711
9780987090850
9781785888564
3765767956001
9781786467164
9781785880322
9781492018308
9781430261070
9781786465207
9780763766580
9781787286184
9781440696978
9781787282803
9781786460226
9781787121454
9781317334934
9781785880568
9781787289086
9781617293771
9781787129726
9781787284883
9781784398224
9781785889677
0131875086
9780321618320
9780071741200
9781940111506
9781940111452
9780133006452
9780133005578
9780133005400
9781492017912
9781787286269
9781784396886
9781787287754
9781787285552
9781787285552
9781786460004
9781449372736
9781118877951
9781680502305
9781787124370
9781787129320
9781491978528
100000006
9781785888229
9781785889653
9781785881640
9781492017899
9781491976364
0931961424
9781787124813
9781787124707
9781783981120
9781785287985
0321336267
9781491966358
9780131370401
0273656058
9781786462084
9781785889714
9780133038644
9781633430105
9781617293108
9781617292859
9781786462954
9781491932926
20041
9781787123595
100000006
9781785883446
20071
9781492017509
9781785883361
9781785881008
9781119281641
0957921829
159200153
9780470612620
9780764588204
9780470167779
9780470192429
0735712697
0321430840
1593270771
9781939902436
9781680502060
9783945749357
9781491966297
9781785882685
9781785886546
9781785886461
9781785881442
9781785880650
9781785887017
9781492017455
9781491971420
0131481991
9780134301860
9781491968505
9781786466907
9781786464033
9781786461216
9781484212301
9781785889370
9781785885891
9781783286775
9781785889103
9780134498638
9781786463975
9781785882364
9781785285493
9781786460806
9781618660688
9781618660749
9780071841573
9781939902375
9781786467409
9781786468420
9780071837682
9781491930526
9781783288250
9781785882074
9781785880940
9781491928783
9781785280719
9781785281617
9781785284557
100000006
9781782175032
9780763754891
9781932733778
9781932733884
9781932733952
9781484217962
9781783552115
9781783286935
9781784396527
9781785888663
9781118945773
9781784390310
9781785883644
9781785284892
9781783988518
9781118942376
9781849519304
9781785882265
9781491930205
9781940111308
9781491930366
9781491933565
9781119065371
9781118945766
9781785883156
9781783552139
9781785880544
9781491944585
9781785887062
9781785287756
9781457199851
9781491908112
9781491957264
9781491957264
9781491957240
9781118911655
9781430268352
30000
30000
0321336577
0201775972
9780470190647
0789726173
0789724995
0789723859
0768667143
0735711674
0735712271
0735709971
073570970
0672326205
0672315475
0321159632
0321186486
013147149
0131423436
0131001477
0130893986
0130478911
0130616214
0130479624
0130085391
9781785288296
0672326191
067232346
9781847192721
9780321602688
073571245
9781583470473
9780814474211
9780470497265
9780470282458
9780470229040
0672322900
0595352510
0130863289
9781118931974
9781118945759
9780321515483
0130463469
9781932733303
9781847192004
9780470464892
9780470109496
9780470149287
0672317966
020177061
9780764597237
9780470496701
9781491958629
9780134466620
9781783989867
9781118994979
9781785289897
9781491957837
9781491958032
9781491958070
9781491958216
9781491958131
9781491958094
9781491957899
9781491957929
9781491958063
9781491958063
9781491955130
100000006
9781771375887
9781771375498
9781785281341
0768666767
9781785888656
9781785882425
9781785281006
100000006
100000006
9781786467942
32562
9781484213476
9781491950883
9780750661232
9781484217306
9781484216729
9781484217870
9781771375689
9781491929636
9780134395784
9781785281099
9781491933084
9781449363741
9781785881572
9781785282379
9781491935101
9781786463258
9781786467188
9781786469724
9781785889233
9781785882197
9781785289972
9781785886584
9780133132397
9783943075045
9783943075212
9781617292477
9780134466477
9780672337727
9780134466552
2235584146001
9780134308760
9781491905241
9781457193071
9781783552580
9781782175650
9780133928327
9780134214290
9781847196224
9780133429961
9781771374569
9780672337741
9781491929797
9780134433950
9781785883347
9781849697705
9780134394428
9780672337710
9780134433967
9781785286551
9781785880971
9780134192833
9783943075496
9781484206621
9781430263685
9781491934906
9781784393816
9781783550890
4084184278001
9781785886171
9781119094227
9781119119869
9781119028727
9780133540246
100000006
9781784391355
9781783553037
100000006
9780071843669
9781784398774
9781491922828
9781491914809
9781785286957
9781457186769
9781784396459
9781771374736
9781430264941
9781940111254
9781940363646
9780133477597
9781785288548
9783945749036
9783944540979
9783944540559
9783944540375
9783943075601
9783943075595
9781118878620
9781118942437
9781784391348
9780937175125
9781784395179
9781783555093
9781782162841
9781449369262
9781783551620
9781491920862
9781785884443
9781119036739
9781771374330
9781118531648
9781680501445
9781771375016
9781449371142
9781457192920
9781491929476
9781491929957
9781785288265
9781784399399
9781785287800
0321370228
0672326868
0672328739
9781491936504
9781771374248
9781771374910
9781783285174
9781784391874
032119439
0321159462
0321350278
20141
0321278437
0672327252
0672327090
9780134172163
9781785286902
9781491933831
10020
9781771374583
9781926873855
9781784396176
9781783987689
9780071849869
9780071850216
9781785285547
9781491934616
9781783286515
0321450728
9780470462577
0789727323
067232511
9780470227800
9781491913680
9780134171913
9781607285236
9781491928189
9781491927649
9781785287602
9781491912324
9781457192883
9781491930779
9781782174219
9781783282258
9781783280292
9781783989607
9781784393649
9781491905142
9781119001171
9781491923320
9781783554072
9781785283017
9780071809375
9780071809276
9781784393588
9781784392277
9781784395063
9781784397166
9781785282041
9781491914298
9781784399665
9780857085740
9781118640111
9781484206355
9781457186943
9781118903742
9781784398309
9780133962567
9781783559961
9781784391621
9781784392215
9781784394059
100000006
9781118646113
9781784397296
9781771373500
9781771374002
9781457189869
9781771970181
9781782169994
9781784393373
9781491924471
9781491917824
9781783552955
9781457189845
9781457192760
9781617291951
9781783985401
9781784397074
9781782161028
9781940111148
9781457192661
9781784392642
9781491905685
9781491905685
9781491905197
9781491905173
9780132735148
9781783554331
9780071837309
9781118847220
9781783981489
9781783981182
100000006
9781491917770
9781491905159
9781783988129
9781784395766
9781783287451
9781784398330
9781491902431
9781783287093
9781457174377
9781491921210
9781449371579
9781784390419
9781484205563
9781782173878
9781849696968
9781782161844
100000006
100000006
100000006
100000006
100000006
9781771373241
9780133924480
9781118872420
9781680500479
9781484208748
9781783989768
9789332540798
9781457189821
9781457189838
9781491918654
9781784397258
9781783985180
9781617291616
9780133995923
9781783553259
9781783280254
9781783988006
9780137008704
9781783989560
9781491900383
9781118421390
9781939902146
9781491916926
100000006
100000006
9781783982844
9781771373081
9781939902085
9781783552993
9781491914625
9781941222928
9781617291821
9780133980530
9781784390600
21043
9781491913628
9781849699419
9781849694162
9781782166443
9781457185502
9781783283552
9780071502771
9781783980963
9781783989621
9781782160663
00320090069
00320090070
9781449332679
9781491917664
100000006
9781783985760
9780937175262
9781941222782
9781771372589
9780133950335
9781771372848
9781771372916
100000006
9780133795165
9781783985647
9780596000523
9781783981885
9781783287734
9781449381516
9781449379759
9780137045167
9780133462036
9780132821766
9780132931885
01420110003
9781430264910
9781771372565
9781941222713
9781783989966
9781941222461
9781941222447
9781118639771
9781430267904
9781782164265
9781118094280
9781118128770
9781430262695
9781783280612
9781491909997
9781491911471
9781771372459
9781491947586
9780133966299
9781782160083
9781430268147
9780133570502
9780133846072
9780133430530
9781430259459
9781430264828
9781783980864
9781457174346
9780071836883
9781590599099
9780131389892
9780321509871
9781593271732
9780470102633
9780768676662
9780321503022
9781430209775
9781590598191
0672318989
9780321606709
9780132928731
9781590598627
9781593271206
0672328860
0672328798
9780768687163
9780321550187
9781590599068
9781430209812
0672328410
9780321508935
9780132161213
1576752739
9780321647559
9781562866761
9780321718143
9780321509024
9781590598146
9781847194121
9780321648747
9780672329364
9780321503046
9781590597316
9780321376015
9781305257528
9781783981625
9781491902950
9780133964066
9781118875063
9781771372404
9781849515986
9781849511681
9781849693486
9781849514422
9780814431801
9781849519427
9789332508194
9781118370827
9781849699136
9781783283439
9781783287055
01220110072
01220110078
9780321678539
9780768686975
9780768685756
0321393910
9780470258248
9780768685534
9781430215981
0321409736
9780321573483
0789728958
9780321620736
0321472667
032128884
9780321524614
0321336283
0735713049
9780470227794
9780470109632
9780470504345
9781430225430
9781904902188
9780470400746
9780470284681
9780321604156
9780321499813
0321429192
0735714258
0321311396
9780321639615
9780321592170
9780321626639
9780470274361
9780470345023
0672327600
9780321678775
9780321602657
9780768687002
9780789738875
0321410971
9780789736932
0735713782
9780470396698
0789734583
0321321863
0321223675
9780470177082
9781590597644
9780470285886
0789733854
0672327457
9780321670977
9780321461063
9780321592200
0789736292
9780768686098
9780321591616
0321426223
9780471798439
0789735261
9780470096970
9780470422366
9780321549785
9780321524416
0321423305
9780470331866
9780470186275
032140971
0321374126
9780768687941
0321278496
9781598635645
9781430216063
0735713847
0321305310
0672317249
0321395557
0735713790
9780321573025
0672324296
9780768683745
9780470009949
9780470080306
0131411438
9780470339640
9780471785972
9780470128619
0672328682
00120090015
9780321580771
9781430209911
9781590598597
9780768683622
9781590596890
9780980455229
9780321638281
9780470069165
9780131388123
9780768687835
9780768680645
9780470223635
0768666775
9780768685633
0768674484
9780470481929
9781590599983
9780470050514
9781590599075
9781590596142
0672324059
9781590598030
9781590596166
9781590597866
9780133067354
0738437816
0321294009
0735711518
0672329069
0321409728
0321335910
9780321618160
0321384024
9780768683172
9781430210313
821249909509
01220110054
9780132883368
9780980576863
9780132582193
9781430230540
9780321703392
9780132107501
9781430218791
9781430234289
9780321684264
9780132929097
9781430230908
9780321694447
9780470604571
9780470601792
9780321712844
9781606491164
9780470607466
9781593271060
9781430228479
9780470922231
9781430227908
9780132119535
9780132366847
9780321717771
9780672332142
9781430223856
9780470563120
9780470885697
9780132827638
9780470872499
9780132876124
9780132089609
9780470550946
0596527403
9781782166283
9781491906910
9781843346029
9781430236658
9781118078372
9780132788892
9780814416174
9780132835459
9780132837439
9781118026229
9780470916216
9781430238614
9781118193341
9780071770149
9780132885126
9780321765925
9780132731898
9780132837163
9781615640843
9781430238645
9781782172673
9781783981465
1936334739
00005
5060161630220
00002
9780132776134
9780132735520
9780768689488
01420110002
9781771372244
9781849699792
9781783980925
9781783288236
9781618660572
9781118239636
9781430238768
9781430239338
9781430243502
9780470900000
9780133016178
9781430245247
9781430247494
9780133033878
9780133085716
9780133365245
9781599635408
9780133103595
9780133374858
9780132979542
9781430241942
0738438642
9781618660893
00016
9781940111049
9781449369323
9781118712009
9781606496602
9781491900420
30000
9781430210115
9781430237891
9781118066881
9781590595336
0321496078
0672325616
0672327627
9780987247810
9780071752824
0672325667
0672326728
9781430233862
9780672332180
9780470527580
9780768680683
9780132735483
9780814416853
9780321712998
9781457185304
9780071823654
9781449322212
9780596527273
9781449357207
0596005768
0596510225
1565926986
1565925157
0596003838
0596527942
059652689
0596100566
0596006810
156592536
9780596529314
9781449355517
9780596808259
0596004672
9780596513733
1565927699
0596002394
9780596515164
9781449358402
0596101031
0596003498
9780596514402
0596005431
0596101104
9781449343545
1565923790
1565929470
9781449358372
0596527411
0596004117
0596527462
9780596514013
9781449338367
1565925793
9780596550035
0596000413
9781449397500
9780596515058
0596101872
9781449322120
9780596514235
9780596513917
9780596510435
059652806
9780596510244
1565926102
0596101090
0596005601
0596004028
059600656
9780596527808
9780596513795
059600172
0596006004
9780596514037
0596002963
9780596514419
1565925777
0596101635
0596005253
1565926811
1565924940
0596009453
9781449342913
0738497967
0596101651
9781449307783
9781449305703
9781449305727
9781565920002
0596009399
9780596529369
9781449383367
9780132943062
0596100671
9781449306106
9780596529383
9781449307790
0596101392
9781449333775
9781449305710
9781449333164
9781449358334
0596003889
0596006365
1565926226
9781449318635
0596526725
9781449343538
9780596510657
9780596514532
0596526873
9781449330880
9781449371920
9780596516215
9780596518370
9781847196644
9781847191724
9781847194565
9781847195067
9781847196040
9781847194589
9781847195524
9781847195944
9781847194220
9781847191748
9781847191113
9781847192707
9781847192783
9781847191007
9781847190888
9781847192028
9781847193896
9781847191175
9781847192561
9781904811442
9781847194961
9781849691581
9781849517102
9781847193179
9781847194909
9781904811190
9781847193117
9781847192127
9781847191984
9781904811275
9781849514682
9781849515481
9781847191786
0321193121
9781904811794
9781849512527
9780321591098
0132272679
9781849511520
190481140
9781847198488
9781849517560
9781849515009
9781847199645
9781849690584
9781849682404
9780132344814
1904811027
9780132734653
0131584650
9781849693301
9781849514361
0131855867
9780132697361
9780321574312
9780132242066
9781847196323
9781849518628
9781849510127
9780321712301
9781904811596
9780321501967
9781782160229
0131458353
9781849513623
9781847199485
9781847194046
9781904811978
9781847198204
9781849513340
9781782160908
9781849513487
9781904811763
9781847199584
9781904811671
9781847198006
9781904811923
9781849690508
9781782161141
9781849511087
9781849511445
9781849510004
9780137013128
9781904811312
9781782160823
9781849693660
9781904811053
9781847199508
9781849511346
9781847198402
1904811167
9781847198129
9780321574305
0672328178
190481185
9781847197429
9781904811640
9781849511841
9781849518505
9781849512008
0136133533
9781849515689
9781849680226
9781849512404
9781849514248
9781849692441
9781904811626
9781904811886
9781904811572
9781849512749
9781849693141
9781847196729
9781849511926
9781904811138
9781849691086
9781849691765
9781849514286
9781849511148
9781849510905
9781847198389
9781849511728
9781849513586
9780132366229
9781849691048
9781849515184
1904811825
9781847199089
9781847198525
9781904811916
9781849692427
9781849512688
9781904811091
9781904811503
9780131350649
0132216353
9781904811992
9781847197665
9781849692052
9781904811282
0201657821
9781783280957
9781783286034
9781782162827
9781849698443
9781782162100
9781849699334
9781849696944
9780132350082
9781783282111
9781782167082
9781782160366
9781849519946
9781782164661
9781782163220
9781782162308
9781782164104
9781783285792
9781849694841
0132337932
9781783980369
9781849697422
9781783288571
9781783287031
9780321604583
9781783289431
9781782168850
9781783287673
9781849697965
9781782163329
9781783559886
9781782164524
9781782164982
9780133489439
9781783282234
9781847197368
9781783559688
0132239973
55555
9781933988740
9781933988238
9781932394498
9781933988481
9781933988450
9781933988795
9781932394610
9781935182429
9781933988030
9781933988764
9781933988320
9781617290862
9781932394757
9781783286355
9781618660770
9781782168416
9781782163527
9781783287192
9780132835473
059600950
0321349822
9780321304667
0321334124
9780321717887
9780132905213
9780321618368
9780735665637
9780735624498
9780735656543
9780735656550
0735622639
9780735662148
9780735667334
9780735670358
9781449335571
9781449373931
9781617290497
01420110016
9781771372077
9780470043998
9780470287644
9780470379196
9780470400173
9780470223642
0321303474
9780131389465
9780071496292
0596527330
9780470585863
9781430232919
9781849690249
9780672331398
9781590596388
9780470525937
9781430233893
9780321491930
9780470537558
9780071748766
9780470488959
9781430240327
059600382
9780470259313
9780132966467
0735712859
0596000480
9780470540701
9780470523964
9780133006018
9781590597279
9781933988290
9780980285802
9780768685459
0596009879
00320090074
9781926873459
00320100010
9781618661005
9780768689495
0827911336093
00001
00320090068
55555
00320090091
0827911261098
9780470122143
00020
00320090076
9780321701572
9780132966702
00022
9780321659477
9781118151945
00019
00320100001
9781618660060
9780136085645
0827911344098
55555
821249999067
00320090067
0596527322
9781771371544
9780321705631
00320100011
00320090071
00320090093
9780321684691
9780321668622
5060161630558
9780132808873
9780321685568
00320090147
55555
0827911369121
01220110018
9780321717849
9781849514804
9780596528386
9781618660220
0596102356
193633481
9780321703491
9781847197726
9781782165965
9781782164227
9781783280575
9780240819174
9780133005509
9781457174339
9781449365028
9781771371384
9781783284054
55555
9781618660725
9781771371995
9780137038077
1936334879
9781449339203
9781926873114
9781771370356
9781771371766
9781771370295
9781926873978
21000
21000
9781771371704
9781449381523
9781449381530
01220110027
9781782163947
9781771371780
9780133765113
9780240812830
9781782168218
9781782161646
9781118404119
9781782165187
9781457174315
9781457174322
9781118575437
9781118462102
9781118652633
9781492001911
9781449365356
9780133519280
9781430262893
9780133070316
9781935182849
9781617290541
9781118231340
9781449335847
9781457172489
9781849689526
9781849695428
9781782161066
9781782163060
9781783559145
9781782164128
9781782169062
9781849693943
9781782167624
9781782164869
9781782163428
9781849688642
9781939902030
9781782160205
9781449356088
9781782163749
9781782164548
9781782165408
9781849696920
9781782163787
9780071799171
9781782163824
9781782161165
9781782165422
9781782163107
9781782165903
9781783284078
9781782164746
9780133352528
9781849694261
9781849699433
9781849694001
9781849695121
9781849695749
9781782160403
9781783282050
9781782169666
9781782162605
9781782165200
9781782166429
9781849696609
9781782169680
9780133410617
9781782160281
9781849695985
9781782161783
9781782161684
9780133574203
9781783280391
9781783282616
9781783282616
9781849698269
9781783283910
9781783282517
9780133821031
9781430264156
9781430260769
9781617290756
1936334895
9781771370523
9781771370516
9781771370066
9781771371667
9781771371636
9780768689419
9780133376661
9781771370011
01220110006
9780132735216
9780321684714
9781782165521
9780133376562
9780133066166
9780132776707
55555
55555
9781449396237
00029
00026
9780132377959
9781449333614
9781449305680
9781926873237
9780133259742
9781926873626
9781771370929
55555
9781926873930
9780132819442
9781849699532
9781771370578
9780321684684
9781618660169
00019
55555
01220110041
55555
9781771371049
01220110015
55555
01220110005
9780321704894
00017
55555
9781771370486
55555
01220110064
00320090033
00015
10000
00320090034
9780321562432
9780132693639
9781771370233
01220110028
9780321627025
9780132179294
9780321659156
01220110029
9780133122121
9781430260974
9780133590838
9780470977347
9780321694478
9780768696684
9780321678805
9781849514309
9780321694874
9781430272199
9780132345385
9781430228981
9780470952221
9781449321581
9780132793018
9780470647837
9781118551721
9780133048322
9781457174292
9781449360757
9781118494189
9781617290145
9781783559282
9780133132762
9780987153029
9781430257257
9781782160021
9781430250920
9781430242758
9781849693127
9781118239773
9781782167204
9781849694742
9781430237860
9780133154986
9781617290435
9781782169581
9780133416046
9781430262831
9781849516945
9781430246299
9781118236505
9780133373677
9781593273972
9781935182894
9780071794312
9781449335052
9781430239963
9781449343118
9781430228745
9781782164760
9781449335977
9780132964586
9781430244615
9781849694346
9781118554784
9781430244738
9781430243359
9780132603706
9781118235256
9781849693189
9780133016321
9780133434705
9781617291159
9780133088496
9781849691727
9781849699556
9781782163763
9781849693264
9780133438932
9780133040340
9781932733525
9780133408270
9780131382022
9780132905848
9781449326487
9781118416518
9781430246022
9781430260073
9781449327422
9781782162704
9781118524404
9781118690758
9780133057874
9780133014648
9781849515801
9780133151336
9781932733495
9781118462041
9781782161929
9780133134940
9780133084931
9781849695947
9781849517706
9781782168119
9781782164029
9781783282654
9781849696463
9781782169291
9781849697323
9781782166542
9780735667297
9780672332050
9780672332050
9780987090874
9781118063323
9781449311179
9780470891520
9780132767576
9781849513081
9781449318949
9781849691369
9781430239604
9780470647820
0321344758
9781590595091
0596101996
9781847194145
9780596527525
059610197
9780596155636
0596101015
9780137084746
9780596806736
9780132614016
9780470684160
9780470344729
9781849512565
9781430232490
9781430233183
9781430223979
9780672331336
9780596803605
9780132575140
9780470571040
9780672329166
9780132597517
9780470887349
9780132117906
9780470417997
9780470413968
9780470540718
9780470526910
9781449390211
9781782164487
9781782164180
9781449370800
9780133570915
9781449373986
9781449397388
9781449396480
20001
21001
20001
9780321668745
9781449317812
9781449343927
9780321659163
9780321668660
9781449366209
9781449316433
9780321563767
9781449366247
9781449366223
9781449366254
9781449366186
9781449366216
9781449366261
9781449366278
9781449303464
9780132480543
9781449345082
9780596803773
9780596529307
9781430241645
9780133052985
9781430232889
9780133052992
9781449324469
9781449337452
9781449392154
9780321717948
9781449383312
9781449393854
9781118425152
9780133256994
9780132761635
9781118432693
9781430235606
9781449381943
9781118026694
9780133088359
9781449382308
9781118206911
9781449356552
9781449332990
9781449308032
9781933988696
9781593272869
0596528124
9780132902281
9781449337667
9781593272821
9781849518826
9780596517748
9781449311162
9781449308216
9780980846904
9781449399115
9780735675742
9781449393854
9781118425152
9780133256994
9780132761635
9781118432693
9781430235606
9781449381943
9781118026694
9780133088359
9781449382308
9781118206911
9781449356552
9781449332990
9781449308032
9781933988696
9781593272869
0596528124
9780132902281
9781449337667
9781593272821
9781849518826
9780596517748
9781449311162
9781449308216
9780980846904
9781449399115
9780735675742
9781449393854
9781118425152
9780133256994
9780132761635
9781118432693
9781430235606
9781449381943
9781118026694
9780133088359
9781449382308
9781118206911
9781449356552
9781449332990
9781449308032
9781933988696
9781593272869
0596528124
9780132902281
9781449337667
9781593272821
9781849518826
9780596517748
9781449311162
9781449308216
9780980846904
9781449399115
9780735675742
9781449393854
9781118425152
9780133256994
9780132761635
9781118432693
9781430235606
9781449381943
9781118026694
9780133088359
9781449382308
9781118206911
9781449356552
9781449332990
9781449308032
9781933988696
9781593272869
0596528124
9780132902281
9781449337667
9781593272821
9781849518826
9780596517748
9781449311162
9781449308216
9780980846904
9781449399115
9780735675742
9781449393854
9781118425152
9780133256994
9780132761635
9781118432693
9781430235606
9781449381943
9781118026694
9780133088359
9781449382308
9781118206911
9781449356552
9781449332990
9781449308032
9781933988696
9781593272869
0596528124
9780132902281
9781449337667
9781593272821
9781849518826
9780596517748
9781449311162
9781449308216
9780980846904
9781449399115
9780735675742
9781449393854
9781118425152
9780133256994
9780132761635
9781118432693
9781430235606
9781449381943
9781118026694
9780133088359
9781449382308
9781118206911
9781449356552
9781449332990
9781449308032
9781933988696
9781593272869
0596528124
9780132902281
9781449337667
9781593272821
9781849518826
9780596517748
9781449311162
9781449308216
9780980846904
9781449399115
9780735675742
9781449393854
9781118425152
9780133256994
9780132761635
9781118432693
9781430235606
9781449381943
9781118026694
9780133088359
9781449382308
9781118206911
9781449356552
9781449332990
9781449308032
9781933988696
9781593272869
0596528124
9780132902281
9781449337667
9781593272821
9781849518826
9780596517748
9781449311162
9781449308216
9780980846904
9781449399115
9780735675742
9781449393854
9781118425152
9780133256994
9780132761635
9781118432693
9781430235606
9781449381943
9781118026694
9780133088359
9781449382308
9781118206911
9781449356552
9781449332990
9781449308032
9781933988696
9781593272869
0596528124
9780132902281
9781449337667
9781593272821
9781849518826
9780596517748
9781449311162
9781449308216
9780980846904
9781449399115
9780735675742
9781449393854
9781118425152
9780133256994
9780132761635
9781118432693
9781430235606
9781449381943
9781118026694
9780133088359
9781449382308
9781118206911
9781449356552
9781449332990
9781449308032
9781933988696
9781593272869
0596528124
9780132902281
9781449337667
9781593272821
9781849518826
9780596517748
9781449311162
9781449308216
9780980846904
9781449399115
9780735675742
9781449393854
9781118425152
9780133256994
9780132761635
9781118432693
9781430235606
9781449381943
9781118026694
9780133088359
9781449382308
9781118206911
9781449356552
9781449332990
9781449308032
9781933988696
9781593272869
0596528124
9780132902281
9781449337667
9781593272821
9781849518826
9780596517748
9781449311162
9781449308216
9780980846904
9781449399115
9780735675742
9781449393854
9781118425152
9780133256994
9780132761635
9781118432693
9781430235606
9781449381943
9781118026694
9780133088359
9781449382308
9781118206911
9781449356552
9781449332990
9781449308032
9781933988696
9781593272869
0596528124
9780132902281
9781449337667
9781593272821
9781849518826
9780596517748
9781449311162
9781449308216
9780980846904
9781449399115
9780735675742
9781449393854
9781118425152
9780133256994
9780132761635
9781118432693
9781430235606
9781449381943
9781118026694
9780133088359
9781449382308
9781118206911
9781449356552
9781449332990
9781449308032
9781933988696
9781593272869
0596528124
9780132902281
9781449337667
9781593272821
9781849518826
9780596517748
9781449311162
9781449308216
9780980846904
9781449399115
9780735675742
9781449393854
9781118425152
9780133256994
9780132761635
9781118432693
9781430235606
9781449381943
9781118026694
9780133088359
9781449382308
9781118206911
9781449356552
9781449332990
9781449308032
9781933988696
9781593272869
0596528124
9780132902281
9781449337667
9781593272821
9781849518826
9780596517748
9781449311162
9781449308216
9780980846904
9781449399115
9780735675742
9781449393854
9781118425152
9780133256994
9780132761635
9781118432693
9781430235606
9781449381943
9781118026694
9780133088359
9781449382308
9781118206911
9781449356552
9781449332990
9781449308032
9781933988696
9781593272869
0596528124
9780132902281
9781449337667
9781593272821
9781849518826
9780596517748
9781449311162
9781449308216
9780980846904
9781449399115
9780735675742
9781449393854
9781118425152
9780133256994
9780132761635
9781118432693
9781430235606
9781449381943
9781118026694
9780133088359
9781449382308
9781118206911
9781449356552
9781449332990
9781449308032
9781933988696
9781593272869
0596528124
9780132902281
9781449337667
9781593272821
9781849518826
9780596517748
9781449311162
9781449308216
9780980846904
9781449399115
9780735675742
9781449393854
9781118425152
9780133256994
9780132761635
9781118432693
9781430235606
9781449381943
9781118026694
9780133088359
9781449382308
9781118206911
9781449356552
9781449332990
9781449308032
9781933988696
9781593272869
0596528124
9780132902281
9781449337667
9781593272821
9781849518826
9780596517748
9781449311162
9781449308216
9780980846904
9781449399115
9780735675742
9781449393854
9781118425152
9780133256994
9780132761635
9781118432693
9781430235606
9781449381943
9781118026694
9780133088359
9781449382308
9781118206911
9781449356552
9781449332990
9781449308032
9781933988696
9781593272869
0596528124
9780132902281
9781449337667
9781593272821
9781849518826
9780596517748
9781449311162
9781449308216
9780980846904
9781449399115
9780735675742
9781449393854
9781118425152
9780133256994
9780132761635
9781118432693
9781430235606
9781449381943
9781118026694
9780133088359
9781449382308
9781118206911
9781449356552
9781449332990
9781449308032
9781933988696
9781593272869
0596528124
9780132902281
9781449337667
9781593272821
9781849518826
9780596517748
9781449311162
9781449308216
9780980846904
9781449399115
9780735675742
9781449393854
9781118425152
9780133256994
9780132761635
9781118432693
9781430235606
9781449381943
9781118026694
9780133088359
9781449382308
9781118206911
9781449356552
9781449332990
9781449308032
9781933988696
9781593272869
0596528124
9780132902281
9781449337667
9781593272821
9781849518826
9780596517748
9781449311162
9781449308216
9780980846904
9781449399115
9780735675742
9781449393854
9781118425152
9780133256994
9780132761635
9781118432693
9781430235606
9781449381943
9781118026694
9780133088359
9781449382308
9781118206911
9781449356552
9781449332990
9781449308032
9781933988696
9781593272869
0596528124
9780132902281
9781449337667
9781593272821
9781849518826
9780596517748
9781449311162
9781449308216
9780980846904
9781449399115
9780735675742
9781449393854
9781118425152
9780133256994
9780132761635
9781118432693
9781430235606
9781449381943
9781118026694
9780133088359
9781449382308
9781118206911
9781449356552
9781449332990
9781449308032
9781933988696
9781593272869
0596528124
9780132902281
9781449337667
9781593272821
9781849518826
9780596517748
9781449311162
9781449308216
9780980846904
9781449399115
9780735675742
9781449393854
9781118425152
9780133256994
9780132761635
9781118432693
9781430235606
9781449381943
9781118026694
9780133088359
9781449382308
9781118206911
9781449356552
9781449332990
9781449308032
9781933988696
9781593272869
0596528124
9780132902281
9781449337667
9781593272821
9781849518826
9780596517748
9781449311162
9781449308216
9780980846904
9781449399115
9780735675742
9781449393854
9781118425152
9780133256994
9780132761635
9781118432693
9781430235606
9781449381943
9781118026694
9780133088359
9781449382308
9781118206911
9781449356552
9781449332990
9781449308032
9781933988696
9781593272869
0596528124
9780132902281
9781449337667
9781593272821
9781849518826
9780596517748
9781449311162
9781449308216
9780980846904
9781449399115
9780735675742
9781449393854
9781118425152
9780133256994
9780132761635
9781118432693
9781430235606
9781449381943
9781118026694
9780133088359
9781449382308
9781118206911
9781449356552
9781449332990
9781449308032
9781933988696
9781593272869
0596528124
9780132902281
9781449337667
9781593272821
9781849518826
9780596517748
9781449311162
9781449308216
9780980846904
9781449399115
9780735675742
9781449393854
9781118425152
9780133256994
9780132761635
9781118432693
9781430235606
9781449381943
9781118026694
9780133088359
9781449382308
9781118206911
9781449356552
9781449332990
9781449308032
9781933988696
9781593272869
0596528124
9780132902281
9781449337667
9781593272821
9781849518826
9780596517748
9781449311162
9781449308216
9780980846904
9781449399115
9780735675742
9781449393854
9781118425152
9780133256994
9780132761635
9781118432693
9781430235606
9781449381943
9781118026694
9780133088359
9781449382308
9781118206911
9781449356552
9781449332990
9781449308032
9781933988696
9781593272869
0596528124
9780132902281
9781449337667
9781593272821
9781849518826
9780596517748
9781449311162
9781449308216
9780980846904
9781449399115
9780735675742
9781449393854
9781118425152
9780133256994
9780132761635
9781118432693
9781430235606
9781449381943
9781118026694
9780133088359
9781449382308
9781118206911
9781449356552
9781449332990
9781449308032
9781933988696
9781593272869
0596528124
9780132902281
9781449337667
9781593272821
9781849518826
9780596517748
9781449311162
9781449308216
9780980846904
9781449399115
9780735675742
9781449393854
9781118425152
9780133256994
9780132761635
9781118432693
9781430235606
9781449381943
9781118026694
9780133088359
9781449382308
9781118206911
9781449356552
9781449332990
9781449308032
9781933988696
9781593272869
0596528124
9780132902281
9781449337667
9781593272821
9781849518826
9780596517748
9781449311162
9781449308216
9780980846904
9781449399115
9780735675742
9781449393854
9781118425152
9780133256994
9780132761635
9781118432693
9781430235606
9781449381943
9781118026694
9780133088359
9781449382308
9781118206911
9781449356552
9781449332990
9781449308032
9781933988696
9781593272869
0596528124
9780132902281
9781449337667
9781593272821
9781849518826
9780596517748
9781449311162
9781449308216
9780980846904
9781449399115
9780735675742
9781449393854
9781118425152
9780133256994
9780132761635
9781118432693
9781430235606
9781449381943
9781118026694
9780133088359
9781449382308
9781118206911
9781449356552
9781449332990
9781449308032
9781933988696
9781593272869
0596528124
9780132902281
9781449337667
9781593272821
9781849518826
9780596517748
9781449311162
9781449308216
9780980846904
9781449399115
9780735675742